0 -4.1434 1.2754
0 -5.4949 1.8909
1.4568 -7.4661 2.9154
2.3525 -10.4186 4.7091
4.0142 -14.9419 8.0374
7.3033 -21.9085 14.629
14.2458 -32.0431 28.5538
29.4049 -42.4179 59.0028
58.9405 -29.1584 118.4832
80.5117 81.9157 162.2588
0 212.8994 0
-80.5117 81.9157 -162.2588
-58.9405 -29.1584 -118.4832
-29.4049 -42.4179 -59.0028
-14.2458 -32.0431 -28.5538
-7.3033 -21.9085 -14.629
-4.0142 -14.9419 -8.0374
-2.3525 -10.4186 -4.7091
-1.4568 -7.4661 -2.9154
0 -5.4949 -1.8909

0 -4.2345 1.2985
0 -5.6433 1.9328
0 -7.7197 2.9962
1.2181 -10.8763 4.8767
2.1019 -15.8227 8.4172
3.8902 -23.7285 15.5852
7.8003 -36.0647 31.2719
16.8673 -51.4692 67.703
36.5848 -45.2982 147.1548
55.9344 86.1818 225.7002
0 270.6658 0
-55.9344 86.1818 -225.7002
-36.5848 -45.2982 -147.1548
-16.8673 -51.4692 -67.703
-7.8003 -36.0647 -31.2719
-3.8902 -23.7285 -15.5852
-2.1019 -15.8227 -8.4172
-1.2181 -10.8763 -4.8767
0 -7.7197 -2.9962
0 -5.6433 -1.9328

0 -4.2655 1.3063
0 -5.6939 1.947
0 -7.8066 3.0238
0 -11.0344 4.9344
0 -16.1304 8.5494
0 -24.3755 15.9234
0 -37.5363 32.2584
0 -54.9542 71.002
0 -52.1679 158.8683
0 86.7912 254.5398
0 295.9172 0
0 86.7912 -254.5398
0 -52.1679 -158.8683
0 -54.9542 -71.002
0 -37.5363 -32.2584
0 -24.3755 -15.9234
0 -16.1304 -8.5494
0 -11.0344 -4.9344
0 -7.8066 -3.0238
0 -5.6939 -1.947

0 -4.2345 1.2985
0 -5.6433 1.9328
0 -7.7197 2.9962
-1.2181 -10.8763 4.8767
-2.1019 -15.8227 8.4172
-3.8902 -23.7285 15.5852
-7.8003 -36.0647 31.2719
-16.8673 -51.4692 67.703
-36.5848 -45.2982 147.1548
-55.9344 86.1818 225.7002
0 270.6658 0
55.9344 86.1818 -225.7002
36.5848 -45.2982 -147.1548
16.8673 -51.4692 -67.703
7.8003 -36.0647 -31.2719
3.8902 -23.7285 -15.5852
2.1019 -15.8227 -8.4172
1.2181 -10.8763 -4.8767
0 -7.7197 -2.9962
0 -5.6433 -1.9328

0 -4.1434 1.2754
0 -5.4949 1.8909
-1.4568 -7.4661 2.9154
-2.3525 -10.4186 4.7091
-4.0142 -14.9419 8.0374
-7.3033 -21.9085 14.629
-14.2458 -32.0431 28.5538
-29.4049 -42.4179 59.0028
-58.9405 -29.1584 118.4832
-80.5117 81.9157 162.2588
0 212.8994 0
80.5117 81.9157 -162.2588
58.9405 -29.1584 -118.4832
29.4049 -42.4179 -59.0028
14.2458 -32.0431 -28.5538
7.3033 -21.9085 -14.629
4.0142 -14.9419 -8.0374
2.3525 -10.4186 -4.7091
1.4568 -7.4661 -2.9154
0 -5.4949 -1.8909

0 -4.1911 1.2782
0 -5.5755 1.8987
0 -7.6056 2.9344
1.3247 -10.6688 4.7543
2.4817 -15.4119 8.1479
4.9093 -22.8439 14.9148
10.317 -34.03 29.3596
22.7077 -46.8796 61.5217
47.756 -38.9503 126.9704
65.064 66.6905 187.9697
-15.0711 209.665 44.2004
-93.5131 94.6519 -131.6178
-68.3341 -18.4805 -106.396
-35.2087 -36.6674 -54.6912
-17.7417 -29.0825 -26.8804
-9.4754 -20.3075 -13.8987
-5.4248 -14.0178 -7.6827
-3.3088 -9.8518 -4.5207
-2.1302 -7.0997 -2.8079
-1.435 -5.2473 -1.8257

0 -4.2265 1.29
0 -5.6415 1.9221
0 -7.7324 2.9832
0 -10.9226 4.8631
0 -15.9473 8.4112
1.2638 -24.0435 15.6191
3.2776 -36.8713 31.4756
8.4629 -53.6162 68.6339
20.0716 -50.9629 151.3075
25.55 75.1596 241.8675
-38.8555 266.5538 32.9338
-84.6193 94.5854 -202.6751
-51.9863 -38.2572 -138.5309
-24.7591 -47.7583 -64.715
-12.086 -34.1623 -30.118
-6.3984 -22.6925 -15.0778
-3.6719 -15.2174 -8.1675
-2.2572 -10.4996 -4.7421
-1.4683 -7.4724 -2.9182
-1.0005 -5.4737 -1.8848

0 -4.2007 1.2864
0 -5.6074 1.9174
0 -7.688 2.9779
-1.0803 -10.8668 4.8594
-1.6477 -15.8853 8.4195
-2.669 -24.0051 15.6815
-4.6595 -36.966 31.7684
-8.8862 -54.1193 69.9234
-18.3706 -51.3753 156.4547
-36.9696 85.4727 250.6728
-51.3855 291.4215 0
-36.9696 85.4727 -250.6728
-18.3706 -51.3753 -156.4547
-8.8862 -54.1193 -69.9234
-4.6595 -36.966 -31.7684
-2.669 -24.0051 -15.6815
-1.6477 -15.8853 -8.4195
-1.0803 -10.8668 -4.8594
0 -7.688 -2.9779
0 -5.6074 -1.9174

0 -4.1139 1.2675
-1.0005 -5.4737 1.8848
-1.4683 -7.4724 2.9182
-2.2572 -10.4996 4.7421
-3.6719 -15.2174 8.1675
-6.3984 -22.6925 15.0778
-12.086 -34.1623 30.118
-24.7591 -47.7583 64.715
-51.9863 -38.2572 138.5309
-84.6193 94.5854 202.6751
-38.8555 266.5538 -32.9338
25.55 75.1596 -241.8675
20.0716 -50.9629 -151.3075
8.4629 -53.6162 -68.6339
3.2776 -36.8713 -31.4756
1.2638 -24.0435 -15.6191
0 -15.9473 -8.4112
0 -10.9226 -4.8631
0 -7.7324 -2.9832
0 -5.6415 -1.9221

-1.0041 -3.9697 1.2339
-1.435 -5.2473 1.8257
-2.1302 -7.0997 2.8079
-3.3088 -9.8518 4.5207
-5.4248 -14.0178 7.6827
-9.4754 -20.3075 13.8987
-17.7417 -29.0825 26.8804
-35.2087 -36.6674 54.6912
-68.3341 -18.4805 106.396
-93.5131 94.6519 131.6178
-15.0711 209.665 -44.2004
65.064 66.6905 -187.9697
47.756 -38.9503 -126.9704
22.7077 -46.8796 -61.5217
10.317 -34.03 -29.3596
4.9093 -22.8439 -14.9148
2.4817 -15.4119 -8.1479
1.3247 -10.6688 -4.7543
0 -7.6056 -2.9344
0 -5.5755 -1.8987

0 -4.1115 1.2421
0 -5.4867 1.8487
0 -7.5141 2.8643
0 -10.5949 4.6551
0 -15.4137 8.0109
2.3662 -23.0852 14.7475
6.0747 -34.983 29.2733
15.3205 -49.9169 62.1712
35.1204 -47.5588 131.5996
47.6394 49.439 207.9692
-29.6843 200.06 87.0577
-103.6731 104.5122 -96.9776
-75.6514 -7.2411 -91.076
-39.9427 -29.8027 -48.7178
-20.6985 -25.2383 -24.3903
-11.3596 -18.0894 -12.7461
-6.6706 -12.6678 -7.0945
-4.1646 -8.9857 -4.195
-2.739 -6.5176 -2.615
-1.8814 -4.8403 -1.705

0 -4.0901 1.2424
0 -5.4682 1.8529
0 -7.5101 2.8796
0 -10.637 4.7017
-1.18 -15.5874 8.1495
-1.401 -23.628 15.1784
-1.3446 -36.5576 30.7229
0 -54.1342 67.4793
2.9486 -55.0792 150.8628
-5.6108 61.8537 250.6858
-76.5304 254.3427 64.8669
-110.7331 100.1151 -173.4918
-65.8082 -30.0537 -125.6978
-31.8987 -42.5963 -59.7607
-16.0044 -31.2219 -28.049
-8.7122 -20.9669 -14.1123
-5.1303 -14.1496 -7.6697
-3.2277 -9.8038 -4.4634
-2.1434 -6.9981 -2.7515
-1.4876 -5.1378 -1.7795

0 -4.0082 1.2275
-1.0476 -5.3506 1.8296
-1.4641 -7.3358 2.8415
-2.1277 -10.3689 4.6368
-3.2452 -15.1576 8.0338
-5.2569 -22.9054 14.9631
-9.1774 -35.2726 30.313
-17.5025 -51.64 66.7201
-36.1831 -49.0217 149.2873
-72.8159 81.5571 239.1892
-101.2096 278.0712 0
-72.8159 81.5571 -239.1892
-36.1831 -49.0217 -149.2873
-17.5025 -51.64 -66.7201
-9.1774 -35.2726 -30.313
-5.2569 -22.9054 -14.9631
-3.2452 -15.1576 -8.0338
-2.1277 -10.3689 -4.6368
-1.4641 -7.3358 -2.8415
-1.0476 -5.3506 -1.8296

-1.0706 -3.8682 1.198
-1.4876 -5.1378 1.7795
-2.1434 -6.9981 2.7515
-3.2277 -9.8038 4.4634
-5.1303 -14.1496 7.6697
-8.7122 -20.9669 14.1123
-16.0044 -31.2219 28.049
-31.8987 -42.5963 59.7607
-65.8082 -30.0537 125.6978
-110.7331 100.1151 173.4918
-76.5304 254.3427 -64.8669
-5.6108 61.8537 -250.6858
2.9486 -55.0792 -150.8628
0 -54.1342 -67.4793
-1.3446 -36.5576 -30.7229
-1.401 -23.628 -15.1784
-1.18 -15.5874 -8.1495
0 -10.637 -4.7017
0 -7.5101 -2.8796
0 -5.4682 -1.8529

-1.3402 -3.6755 1.1549
-1.8814 -4.8403 1.705
-2.739 -6.5176 2.615
-4.1646 -8.9857 4.195
-6.6706 -12.6678 7.0945
-11.3596 -18.0894 12.7461
-20.6985 -25.2383 24.3903
-39.9427 -29.8027 48.7178
-75.6514 -7.2411 91.076
-103.6731 104.5122 96.9776
-29.6843 200.06 -87.0577
47.6394 49.439 -207.9692
35.1204 -47.5588 -131.5996
15.3205 -49.9169 -62.1712
6.0747 -34.983 -29.2733
2.3662 -23.0852 -14.7475
0 -15.4137 -8.0109
0 -10.5949 -4.6551
0 -7.5141 -2.8643
0 -5.4867 -1.8487

0 -3.907 1.1683
0 -5.2312 1.7426
0 -7.1942 2.7071
0 -10.199 4.4145
0 -14.9471 7.6304
0 -22.625 14.132
1.6479 -34.873 28.2975
7.4678 -51.4375 60.9317
21.4178 -54.7221 132.2303
28.7673 30.6853 221.6497
-43.3956 184.3763 127.2699
-110.683 111.1969 -59.3909
-80.6701 4.2183 -72.9887
-43.463 -22.0325 -41.2641
-23.0264 -20.6272 -21.1591
-12.8986 -15.3217 -11.2062
-7.7136 -10.9329 -6.2908
-4.8939 -7.8465 -3.7418
-3.2645 -5.7374 -2.3426
-2.2707 -4.2862 -1.5325

0 -3.8294 1.157
-1.0931 -5.1287 1.7275
-1.4569 -7.0597 2.6884
-1.9902 -10.0282 4.3975
-2.7922 -14.7538 7.6402
-4.0232 -22.4946 14.2765
-5.9261 -35.1331 29.0368
-8.8541 -53.0073 64.2744
-14.264 -57.5218 145.8342
-36.6011 46.6684 251.8872
-111.8799 234.4035 94.8291
-133.4823 102.6028 -139.0371
-77.6306 -20.9371 -109.0455
-38.0691 -36.14 -52.9906
-19.4366 -27.3328 -25.1278
-10.7613 -18.6044 -12.7179
-6.4328 -12.6519 -6.9388
-4.1001 -8.8101 -4.0492
-2.7534 -6.3112 -2.5012
-1.9295 -4.6458 -1.6201

-1.1316 -3.694 1.1313
-1.5315 -4.9311 1.6862
-2.1403 -6.7607 2.6187
-3.1106 -9.5561 4.2733
-4.7442 -13.9693 7.404
-7.6851 -21.1098 13.7901
-13.4164 -32.5074 27.9366
-25.5869 -47.5917 61.4896
-52.8961 -45.1787 137.584
-106.4497 75.1634 220.438
-147.9586 256.2718 0
-106.4497 75.1634 -220.438
-52.8961 -45.1787 -137.584
-25.5869 -47.5917 -61.4896
-13.4164 -32.5074 -27.9366
-7.6851 -21.1098 -13.7901
-4.7442 -13.9693 -7.404
-3.1106 -9.5561 -4.2733
-2.1403 -6.7607 -2.6187
-1.5315 -4.9311 -1.6862

-1.4004 -3.505 1.092
-1.9295 -4.6458 1.6201
-2.7534 -6.3112 2.5012
-4.1001 -8.8101 4.0492
-6.4328 -12.6519 6.9388
-10.7613 -18.6044 12.7179
-19.4366 -27.3328 25.1278
-38.0691 -36.14 52.9906
-77.6306 -20.9371 109.0455
-133.4823 102.6028 139.0371
-111.8799 234.4035 -94.8291
-36.6011 46.6684 -251.8872
-14.264 -57.5218 -145.8342
-8.8541 -53.0073 -64.2744
-5.9261 -35.1331 -29.0368
-4.0232 -22.4946 -14.2765
-2.7922 -14.7538 -7.6402
-1.9902 -10.0282 -4.3975
-1.4569 -7.0597 -2.6884
-1.0931 -5.1287 -1.7275

-1.6356 -3.2696 1.0408
-2.2707 -4.2862 1.5325
-3.2645 -5.7374 2.3426
-4.8939 -7.8465 3.7418
-7.7136 -10.9329 6.2908
-12.8986 -15.3217 11.2062
-23.0264 -20.6272 21.1591
-43.463 -22.0325 41.2641
-80.6701 4.2183 72.9887
-110.683 111.1969 59.3909
-43.3956 184.3763 -127.2699
28.7673 30.6853 -221.6497
21.4178 -54.7221 -132.2303
7.4678 -51.4375 -60.9317
1.6479 -34.873 -28.2975
0 -22.625 -14.132
0 -14.9471 -7.6304
0 -10.199 -4.4145
0 -7.1942 -2.7071
0 -5.2312 -1.7426

0 -3.5837 1.059
-1.1432 -4.8167 1.5836
-1.459 -6.6557 2.4676
-1.8701 -9.4933 4.0398
-2.3722 -14.0264 7.0181
-2.8564 -21.4774 13.0871
-2.829 -33.7034 26.462
0 -51.3951 57.8409
7.0644 -60.2228 128.8432
9.0211 10.9992 228.5954
-55.7883 163.0904 163.615
-114.3299 114.503 -19.9995
-83.2377 15.5496 -52.6836
-45.6627 -13.5929 -32.5567
-24.6547 -15.3894 -17.285
-14.0457 -12.0884 -9.3258
-8.5223 -8.8658 -5.296
-5.4744 -6.4689 -3.1749
-3.6908 -4.783 -1.9991
-2.591 -3.6019 -1.3135

-1.1905 -3.4524 1.0364
-1.573 -4.6335 1.5496
-2.1329 -6.3948 2.4156
-2.9817 -9.1147 3.9597
-4.3196 -13.472 6.8988
-6.5232 -20.6776 12.9408
-10.3274 -32.6411 26.4683
-17.2406 -50.2698 59.1166
-31.0432 -58.2167 136.3745
-66.4793 30.0652 245.435
-143.8301 207.3421 121.9099
-152.1757 101.973 -100.3577
-87.0942 -11.1842 -89.0798
-43.0827 -28.5856 -44.6104
-22.2781 -22.6132 -21.443
-12.4834 -15.6765 -10.9372
-7.5399 -10.7698 -5.9971
-4.8479 -7.5488 -3.5118
-3.2798 -5.4325 -2.1749
-2.3129 -4.0126 -1.4116

-1.4547 -3.2675 1.0007
-1.9688 -4.3618 1.4915
-2.7515 -5.9802 2.3164
-3.9988 -8.4528 3.78
-6.0991 -12.3566 6.5492
-9.8797 -18.6727 12.198
-17.2478 -28.7545 24.7114
-32.8939 -42.0973 54.3907
-68.0019 -39.9629 121.7002
-136.8491 66.4859 194.9888
-190.2119 226.6857 0
-136.8491 66.4859 -194.9888
-68.0019 -39.9629 -121.7002
-32.8939 -42.0973 -54.3907
-17.2478 -28.7545 -24.7114
-9.8797 -18.6727 -12.198
-6.0991 -12.3566 -6.5492
-3.9988 -8.4528 -3.78
-2.7515 -5.9802 -2.3164
-1.9688 -4.3618 -1.4915

-1.6876 -3.0353 0
-2.3129 -4.0126 1.4116
-3.2798 -5.4325 2.1749
-4.8479 -7.5488 3.5118
-7.5399 -10.7698 5.9971
-12.4834 -15.6765 10.9372
-22.2781 -22.6132 21.443
-43.0827 -28.5856 44.6104
-87.0942 -11.1842 89.0798
-152.1757 101.973 100.3577
-143.8301 207.3421 -121.9099
-66.4793 30.0652 -245.435
-31.0432 -58.2167 -136.3745
-17.2406 -50.2698 -59.1166
-10.3274 -32.6411 -26.4683
-6.5232 -20.6776 -12.9408
-4.3196 -13.472 -6.8988
-2.9817 -9.1147 -3.9597
-2.1329 -6.3948 -2.4156
-1.573 -4.6335 -1.5496

-1.8813 -2.7643 0
-2.591 -3.6019 1.3135
-3.6908 -4.783 1.9991
-5.4744 -6.4689 3.1749
-8.5223 -8.8658 5.296
-14.0457 -12.0884 9.3258
-24.6547 -15.3894 17.285
-45.6627 -13.5929 32.5567
-83.2377 15.5496 52.6836
-114.3299 114.503 19.9995
-55.7883 163.0904 -163.615
9.0211 10.9992 -228.5954
7.0644 -60.2228 -128.8432
0 -51.3951 -57.8409
-2.829 -33.7034 -26.462
-2.8564 -21.4774 -13.0871
-2.3722 -14.0264 -7.0181
-1.8701 -9.4933 -4.0398
-1.459 -6.6557 -2.4676
-1.1432 -4.8167 -1.5836

-1.2504 -3.1516 0
-1.6177 -4.2559 1.3764
-2.1323 -5.915 2.1532
-2.8642 -8.4991 3.5423
-3.9115 -12.6795 6.1925
-5.3771 -19.6772 11.6446
-7.2199 -31.5098 23.8224
-8.6728 -49.7912 52.9925
-7.5037 -63.8937 121.5413
-10.9992 -9.0211 228.5954
-66.4859 136.8491 194.9888
-114.503 114.3299 19.9995
-83.2761 26.4084 -30.7778
-46.475 -4.7402 -22.86
-25.5339 -9.684 -12.8857
-14.7661 -8.4878 -7.1621
-9.0721 -6.5294 -4.1402
-5.8886 -4.8948 -2.5116
-4.005 -3.6832 -1.5948
-2.8325 -2.8082 -1.0545

-1.5064 -2.9705 0
-2.005 -3.9974 1.3246
-2.7442 -5.5355 2.0694
-3.8825 -7.9243 3.4015
-5.7157 -11.7808 5.9478
-8.825 -18.2324 11.2119
-14.415 -29.1573 23.0957
-25.1032 -46.0048 52.1626
-46.8791 -57.1427 122.7711
-94.3375 12.5484 231.5255
-171.41 173.9806 145.2866
-166.2454 98.2448 -58.6291
-93.9116 -1.0916 -66.4075
-46.7873 -20.1627 -34.8747
-24.4428 -17.2066 -17.1067
-13.8262 -12.2723 -8.8241
-8.4179 -8.5605 -4.8732
-5.4485 -6.058 -2.8678
-3.7065 -4.3887 -1.7825
-2.6259 -3.2575 -1.1601

-1.7337 -2.7418 0
-2.3463 -3.66 1.2515
-3.2792 -5.018 1.9437
-4.7656 -7.0928 3.1718
-7.2686 -10.3684 5.4955
-11.7742 -15.6682 10.2354
-20.5551 -24.1279 20.7353
-39.2014 -35.3239 45.6392
-81.0415 -33.5329 102.1186
-163.0904 55.7883 163.615
-226.6857 190.2119 0
-163.0904 55.7883 -163.615
-81.0415 -33.5329 -102.1186
-39.2014 -35.3239 -45.6392
-20.5551 -24.1279 -20.7353
-11.7742 -15.6682 -10.2354
-7.2686 -10.3684 -5.4955
-4.7656 -7.0928 -3.1718
-3.2792 -5.018 -1.9437
-2.3463 -3.66 -1.2515

-1.9236 -2.4733 0
-2.6259 -3.2575 1.1601
-3.7065 -4.3887 1.7825
-5.4485 -6.058 2.8678
-8.4179 -8.5605 4.8732
-13.8262 -12.2723 8.8241
-24.4428 -17.2066 17.1067
-46.7873 -20.1627 34.8747
-93.9116 -1.0916 66.4075
-166.2454 98.2448 58.6291
-171.41 173.9806 -145.2866
-94.3375 12.5484 -231.5255
-46.8791 -57.1427 -122.7711
-25.1032 -46.0048 -52.1626
-14.415 -29.1573 -23.0957
-8.825 -18.2324 -11.2119
-5.7157 -11.7808 -5.9478
-3.8825 -7.9243 -3.4015
-2.7442 -5.5355 -2.0694
-2.005 -3.9974 -1.3246

-2.0698 -2.175 0
-2.8325 -2.8082 1.0545
-4.005 -3.6832 1.5948
-5.8886 -4.8948 2.5116
-9.0721 -6.5294 4.1402
-14.7661 -8.4878 7.1621
-25.5339 -9.684 12.8857
-46.475 -4.7402 22.86
-83.2761 26.4084 30.7778
-114.503 114.3299 -19.9995
-66.4859 136.8491 -194.9888
-10.9992 -9.0211 -228.5954
-7.5037 -63.8937 -121.5413
-8.6728 -49.7912 -52.9925
-7.2199 -31.5098 -23.8224
-5.3771 -19.6772 -11.6446
-3.9115 -12.6795 -6.1925
-2.8642 -8.4991 -3.5423
-2.1323 -5.915 -2.1532
-1.6177 -4.2559 -1.3764

-1.5581 -2.6237 0
-2.043 -3.5658 1.1274
-2.7408 -4.9946 1.7733
-3.7714 -7.2467 2.9371
-5.3319 -10.9473 5.1788
-7.7344 -17.2791 9.8483
-11.3915 -28.3587 20.459
-16.4703 -46.6744 46.534
-21.8438 -65.6231 110.5464
-30.6853 -28.7673 221.6497
-75.1634 106.4497 220.438
-111.1969 110.683 59.3909
-80.7843 36.4648 -7.9369
-45.8752 4.2564 -12.4688
-25.6372 -3.6843 -8.0948
-15.0377 -4.6294 -4.7807
-9.3462 -3.9945 -2.8586
-6.1239 -3.172 -1.7719
-4.1975 -2.4715 -1.1421
-2.988 -1.9291 0

-1.7766 -2.3983 0
-2.3762 -3.2399 1.0594
-3.272 -4.5081 1.6603
-4.6653 -6.4931 2.74
-6.9382 -9.7317 4.8161
-10.8587 -15.2333 9.1423
-18.0645 -24.7876 19.0212
-32.203 -40.3421 43.6236
-61.2907 -54.3325 105.4374
-119.3294 -5.3497 210.5812
-193.7817 135.3329 164.2488
-175.2637 91.5315 -15.119
-97.8754 9.0342 -41.7175
-49.0703 -11.1271 -24.0794
-25.8648 -11.2771 -12.2507
-14.7489 -8.4952 -6.4429
-9.0401 -6.0911 -3.6012
-5.8834 -4.3832 -2.1367
-4.0206 -3.2116 -1.3359
-2.8591 -2.4034 0

-1.9599 -2.1327 0
-2.6526 -2.847 0
-3.7072 -3.9033 1.5119
-5.3876 -5.5172 2.4672
-8.2173 -8.0652 4.2747
-13.3109 -12.1877 7.9617
-23.2379 -18.7682 16.1292
-44.3178 -27.4771 35.501
-91.6187 -26.0839 79.4341
-184.3763 43.3956 127.2699
-256.2718 147.9586 0
-184.3763 43.3956 -127.2699
-91.6187 -26.0839 -79.4341
-44.3178 -27.4771 -35.501
-23.2379 -18.7682 -16.1292
-13.3109 -12.1877 -7.9617
-8.2173 -8.0652 -4.2747
-5.3876 -5.5172 -2.4672
-3.7072 -3.9033 -1.5119
-2.6526 -2.847 0

-2.1011 -1.8363 0
-2.8591 -2.4034 0
-4.0206 -3.2116 1.3359
-5.8834 -4.3832 2.1367
-9.0401 -6.0911 3.6012
-14.7489 -8.4952 6.4429
-25.8648 -11.2771 12.2507
-49.0703 -11.1271 24.0794
-97.8754 9.0342 41.7175
-175.2637 91.5315 15.119
-193.7817 135.3329 -164.2488
-119.3294 -5.3497 -210.5812
-61.2907 -54.3325 -105.4374
-32.203 -40.3421 -43.6236
-18.0645 -24.7876 -19.0212
-10.8587 -15.2333 -9.1423
-6.9382 -9.7317 -4.8161
-4.6653 -6.4931 -2.74
-3.272 -4.5081 -1.6603
-2.3762 -3.2399 -1.0594

-2.1955 -1.5197 0
-2.988 -1.9291 0
-4.1975 -2.4715 1.1421
-6.1239 -3.172 1.7719
-9.3462 -3.9945 2.8586
-15.0377 -4.6294 4.7807
-25.6372 -3.6843 8.0948
-45.8752 4.2564 12.4688
-80.7843 36.4648 7.9369
-111.1969 110.683 -59.3909
-75.1634 106.4497 -220.438
-30.6853 -28.7673 -221.6497
-21.8438 -65.6231 -110.5464
-16.4703 -46.6744 -46.534
-11.3915 -28.3587 -20.459
-7.7344 -17.2791 -9.8483
-5.3319 -10.9473 -5.1788
-3.7714 -7.2467 -2.9371
-2.7408 -4.9946 -1.7733
-2.043 -3.5658 -1.1274

-1.8184 -2.0161 0
-2.4063 -2.7673 0
-3.266 -3.9225 1.3396
-4.5639 -5.774 2.2427
-6.5904 -8.8825 4.0077
-9.8567 -14.356 7.7528
-15.2169 -24.346 16.4739
-23.7673 -42.1394 38.6617
-35.5202 -65.3587 96.1926
-49.439 -47.6394 207.9692
-81.5571 72.8159 239.1892
-104.5122 103.6731 96.9776
-75.8378 45.4132 15.1453
-43.8815 13.1238 -1.6986
-24.9616 2.4273 -3.058
-14.8525 0 -2.2541
-9.3363 -1.3383 -1.4902
-6.1731 -1.3527 0
-4.2625 -1.1847 0
-3.0527 0 0

-1.9928 -1.7532 0
-2.6752 -2.3839 0
-3.7004 -3.3437 1.2007
-5.3064 -4.8646 1.9952
-7.9498 -7.3868 3.538
-12.5624 -11.7712 6.795
-21.1652 -19.6647 14.3689
-38.3244 -33.4536 33.7591
-73.8399 -49.8713 84.9
-140.6954 -23.0852 183.2384
-210.2655 92.5732 178.2204
-178.9568 82.0371 28.8504
-98.8654 18.8855 -15.7598
-49.8623 -1.7535 -12.5525
-26.5009 -5.005 -7.0224
-15.2234 -4.46 -3.8659
-9.3876 -3.4365 -2.2197
-6.1397 -2.5753 -1.3406
-4.2125 -1.9369 0
-3.0055 -1.4763 0

-2.1266 -1.4589 0
-2.8782 -1.9474 0
-4.0225 -2.67 1.0342
-5.8459 -3.774 1.6877
-8.9162 -5.5169 2.9241
-14.4432 -8.3369 5.4461
-25.2146 -12.8382 11.033
-48.0877 -18.7954 24.2841
-99.4122 -17.8425 54.3362
-200.06 29.6843 87.0577
-278.0712 101.2096 0
-200.06 29.6843 -87.0577
-99.4122 -17.8425 -54.3362
-48.0877 -18.7954 -24.2841
-25.2146 -12.8382 -11.033
-14.4432 -8.3369 -5.4461
-8.9162 -5.5169 -2.9241
-5.8459 -3.774 -1.6877
-4.0225 -2.67 -1.0342
-2.8782 -1.9474 0

-2.2147 -1.1434 0
-3.0055 -1.4763 0
-4.2125 -1.9369 0
-6.1397 -2.5753 1.3406
-9.3876 -3.4365 2.2197
-15.2234 -4.46 3.8659
-26.5009 -5.005 7.0224
-49.8623 -1.7535 12.5525
-98.8654 18.8855 15.7598
-178.9568 82.0371 -28.8504
-210.2655 92.5732 -178.2204
-140.6954 -23.0852 -183.2384
-73.8399 -49.8713 -84.9
-38.3244 -33.4536 -33.7591
-21.1652 -19.6647 -14.3689
-12.5624 -11.7712 -6.795
-7.9498 -7.3868 -3.538
-5.3064 -4.8646 -1.9952
-3.7004 -3.3437 -1.2007
-2.6752 -2.3839 0

-2.2544 0 0
-3.0527 0 0
-4.2625 -1.1847 0
-6.1731 -1.3527 0
-9.3363 -1.3383 1.4902
-14.8525 0 2.2541
-24.9616 2.4273 3.058
-43.8815 13.1238 1.6986
-75.8378 45.4132 -15.1453
-104.5122 103.6731 -96.9776
-81.5571 72.8159 -239.1892
-49.439 -47.6394 -207.9692
-35.5202 -65.3587 -96.1926
-23.7673 -42.1394 -38.6617
-15.2169 -24.346 -16.4739
-9.8567 -14.356 -7.7528
-6.5904 -8.8825 -4.0077
-4.5639 -5.774 -2.2427
-3.266 -3.9225 -1.3396
-2.4063 -2.7673 0

-2.0235 -1.3472 0
-2.6964 -1.8848 0
-3.692 -2.7311 0
-5.2177 -4.126 1.4802
-7.6486 -6.5479 2.7149
-11.6795 -10.9968 5.4217
-18.58 -19.5935 11.9883
-30.3422 -36.324 29.6145
-48.1173 -63.1083 78.916
-66.6905 -65.064 187.9697
-85.4727 36.9696 250.6728
-94.6519 93.5131 131.6178
-68.5871 52.9817 37.7672
-40.5545 21.5924 9.1231
-23.5275 8.4651 2.0717
-14.216 3.388 0
-9.0427 1.3586 0
-6.0347 0 0
-4.1979 0 0
-3.0246 0 0

-2.1484 -1.0549 0
-2.8929 -1.4556 0
-4.0164 -2.0777 0
-5.7863 -3.0883 1.1899
-8.7199 -4.8176 2.1524
-13.8844 -7.9515 4.2412
-23.6228 -13.9444 9.2799
-43.2813 -25.5486 22.8689
-84.1456 -43.8949 61.783
-157.7866 -40.1193 150.3281
-220.3604 47.0006 186.7768
-177.2124 70.0499 71.9432
-96.8514 28.163 10.6766
-49.1393 7.6735 0
-26.3318 1.4192 -1.5807
-15.2354 0 -1.1715
-9.4499 0 0
-6.2093 0 0
-4.2764 0 0
-3.0606 0 0

-2.2287 0 0
-3.0164 0 0
-4.2156 -1.3556 0
-6.1266 -1.9161 0
-9.3443 -2.801 1.4846
-15.1366 -4.2328 2.7651
-26.4251 -6.5181 5.6016
-50.3964 -9.5427 12.3294
-104.185 -9.0589 27.5872
-209.665 15.0711 44.2004
-291.4215 51.3855 0
-209.665 15.0711 -44.2004
-104.185 -9.0589 -27.5872
-50.3964 -9.5427 -12.3294
-26.4251 -6.5181 -5.6016
-15.1366 -4.2328 -2.7651
-9.3443 -2.801 -1.4846
-6.1266 -1.9161 0
-4.2156 -1.3556 0
-3.0164 0 0

-2.2611 0 0
-3.0606 0 0
-4.2764 0 0
-6.2093 0 0
-9.4499 0 0
-15.2354 0 1.1715
-26.3318 1.4192 1.5807
-49.1393 7.6735 0
-96.8514 28.163 -10.6766
-177.2124 70.0499 -71.9432
-220.3604 47.0006 -186.7768
-157.7866 -40.1193 -150.3281
-84.1456 -43.8949 -61.783
-43.2813 -25.5486 -22.8689
-23.6228 -13.9444 -9.2799
-13.8844 -7.9515 -4.2412
-8.7199 -4.8176 -2.1524
-5.7863 -3.0883 -1.1899
-4.0164 -2.0777 0
-2.8929 -1.4556 0

-2.2449 0 0
-3.0246 0 0
-4.1979 0 0
-6.0347 0 0
-9.0427 1.3586 0
-14.216 3.388 0
-23.5275 8.4651 -2.0717
-40.5545 21.5924 -9.1231
-68.5871 52.9817 -37.7672
-94.6519 93.5131 -131.6178
-85.4727 36.9696 -250.6728
-66.6905 -65.064 -187.9697
-48.1173 -63.1083 -78.916
-30.3422 -36.324 -29.6145
-18.58 -19.5935 -11.9883
-11.6795 -10.9968 -5.4217
-7.6486 -6.5479 -2.7149
-5.2177 -4.126 -1.4802
-3.692 -2.7311 0
-2.6964 -1.8848 0

-2.1671 0 0
-2.9047 0 0
-4.0058 -1.4568 0
-5.713 -2.3525 0
-8.4744 -4.0142 1.3396
-13.1475 -7.3033 2.9258
-21.3785 -14.2458 7.1384
-35.9952 -29.4049 19.6676
-59.2523 -58.9405 59.2416
-81.9157 -80.5117 162.2588
-86.7912 0 254.5398
-81.9157 80.5117 162.2588
-59.2523 58.9405 59.2416
-35.9952 29.4049 19.6676
-21.3785 14.2458 7.1384
-13.1475 7.3033 2.9258
-8.4744 4.0142 1.3396
-5.713 2.3525 0
-4.0058 1.4568 0
-2.9047 0 0

-2.2388 0 0
-3.0226 0 0
-4.2104 0 0
-6.0903 -1.2181 0
-9.225 -2.1019 0
-14.7845 -3.8902 1.5585
-25.3626 -7.8003 3.909
-46.9232 -16.8673 11.2838
-91.8946 -36.5848 36.7887
-170.0834 -55.9344 112.8501
-223.7598 0 189.6581
-170.0834 55.9344 112.8501
-91.8946 36.5848 36.7887
-46.9232 16.8673 11.2838
-25.3626 7.8003 3.909
-14.7845 3.8902 1.5585
-9.225 2.1019 0
-6.0903 1.2181 0
-4.2104 0 0
-3.0226 0 0

-2.2631 0 0
-3.0629 0 0
-4.2807 0 0
-6.2211 0 0
-9.4885 0 0
-15.3701 0 0
-26.8328 0 0
-51.1738 0 0
-105.7922 0 0
-212.8994 0 0
-295.9172 0 0
-212.8994 0 0
-105.7922 0 0
-51.1738 0 0
-26.8328 0 0
-15.3701 0 0
-9.4885 0 0
-6.2211 0 0
-4.2807 0 0
-3.0629 0 0

-2.2388 0 0
-3.0226 0 0
-4.2104 0 0
-6.0903 1.2181 0
-9.225 2.1019 0
-14.7845 3.8902 -1.5585
-25.3626 7.8003 -3.909
-46.9232 16.8673 -11.2838
-91.8946 36.5848 -36.7887
-170.0834 55.9344 -112.8501
-223.7598 0 -189.6581
-170.0834 -55.9344 -112.8501
-91.8946 -36.5848 -36.7887
-46.9232 -16.8673 -11.2838
-25.3626 -7.8003 -3.909
-14.7845 -3.8902 -1.5585
-9.225 -2.1019 0
-6.0903 -1.2181 0
-4.2104 0 0
-3.0226 0 0

-2.1671 0 0
-2.9047 0 0
-4.0058 1.4568 0
-5.713 2.3525 0
-8.4744 4.0142 -1.3396
-13.1475 7.3033 -2.9258
-21.3785 14.2458 -7.1384
-35.9952 29.4049 -19.6676
-59.2523 58.9405 -59.2416
-81.9157 80.5117 -162.2588
-86.7912 0 -254.5398
-81.9157 -80.5117 -162.2588
-59.2523 -58.9405 -59.2416
-35.9952 -29.4049 -19.6676
-21.3785 -14.2458 -7.1384
-13.1475 -7.3033 -2.9258
-8.4744 -4.0142 -1.3396
-5.713 -2.3525 0
-4.0058 -1.4568 0
-2.9047 0 0

-2.2449 0 0
-3.0246 0 0
-4.1979 0 0
-6.0347 0 0
-9.0427 -1.3586 0
-14.216 -3.388 0
-23.5275 -8.4651 2.0717
-40.5545 -21.5924 9.1231
-68.5871 -52.9817 37.7672
-94.6519 -93.5131 131.6178
-85.4727 -36.9696 250.6728
-66.6905 65.064 187.9697
-48.1173 63.1083 78.916
-30.3422 36.324 29.6145
-18.58 19.5935 11.9883
-11.6795 10.9968 5.4217
-7.6486 6.5479 2.7149
-5.2177 4.126 1.4802
-3.692 2.7311 0
-2.6964 1.8848 0

-2.2611 0 0
-3.0606 0 0
-4.2764 0 0
-6.2093 0 0
-9.4499 0 0
-15.2354 0 -1.1715
-26.3318 -1.4192 -1.5807
-49.1393 -7.6735 0
-96.8514 -28.163 10.6766
-177.2124 -70.0499 71.9432
-220.3604 -47.0006 186.7768
-157.7866 40.1193 150.3281
-84.1456 43.8949 61.783
-43.2813 25.5486 22.8689
-23.6228 13.9444 9.2799
-13.8844 7.9515 4.2412
-8.7199 4.8176 2.1524
-5.7863 3.0883 1.1899
-4.0164 2.0777 0
-2.8929 1.4556 0

-2.2287 0 0
-3.0164 0 0
-4.2156 1.3556 0
-6.1266 1.9161 0
-9.3443 2.801 -1.4846
-15.1366 4.2328 -2.7651
-26.4251 6.5181 -5.6016
-50.3964 9.5427 -12.3294
-104.185 9.0589 -27.5872
-209.665 -15.0711 -44.2004
-291.4215 -51.3855 0
-209.665 -15.0711 44.2004
-104.185 9.0589 27.5872
-50.3964 9.5427 12.3294
-26.4251 6.5181 5.6016
-15.1366 4.2328 2.7651
-9.3443 2.801 1.4846
-6.1266 1.9161 0
-4.2156 1.3556 0
-3.0164 0 0

-2.1484 1.0549 0
-2.8929 1.4556 0
-4.0164 2.0777 0
-5.7863 3.0883 -1.1899
-8.7199 4.8176 -2.1524
-13.8844 7.9515 -4.2412
-23.6228 13.9444 -9.2799
-43.2813 25.5486 -22.8689
-84.1456 43.8949 -61.783
-157.7866 40.1193 -150.3281
-220.3604 -47.0006 -186.7768
-177.2124 -70.0499 -71.9432
-96.8514 -28.163 -10.6766
-49.1393 -7.6735 0
-26.3318 -1.4192 1.5807
-15.2354 0 1.1715
-9.4499 0 0
-6.2093 0 0
-4.2764 0 0
-3.0606 0 0

-2.0235 1.3472 0
-2.6964 1.8848 0
-3.692 2.7311 0
-5.2177 4.126 -1.4802
-7.6486 6.5479 -2.7149
-11.6795 10.9968 -5.4217
-18.58 19.5935 -11.9883
-30.3422 36.324 -29.6145
-48.1173 63.1083 -78.916
-66.6905 65.064 -187.9697
-85.4727 -36.9696 -250.6728
-94.6519 -93.5131 -131.6178
-68.5871 -52.9817 -37.7672
-40.5545 -21.5924 -9.1231
-23.5275 -8.4651 -2.0717
-14.216 -3.388 0
-9.0427 -1.3586 0
-6.0347 0 0
-4.1979 0 0
-3.0246 0 0

-2.2544 0 0
-3.0527 0 0
-4.2625 1.1847 0
-6.1731 1.3527 0
-9.3363 1.3383 -1.4902
-14.8525 0 -2.2541
-24.9616 -2.4273 -3.058
-43.8815 -13.1238 -1.6986
-75.8378 -45.4132 15.1453
-104.5122 -103.6731 96.9776
-81.5571 -72.8159 239.1892
-49.439 47.6394 207.9692
-35.5202 65.3587 96.1926
-23.7673 42.1394 38.6617
-15.2169 24.346 16.4739
-9.8567 14.356 7.7528
-6.5904 8.8825 4.0077
-4.5639 5.774 2.2427
-3.266 3.9225 1.3396
-2.4063 2.7673 0

-2.2147 1.1434 0
-3.0055 1.4763 0
-4.2125 1.9369 0
-6.1397 2.5753 -1.3406
-9.3876 3.4365 -2.2197
-15.2234 4.46 -3.8659
-26.5009 5.005 -7.0224
-49.8623 1.7535 -12.5525
-98.8654 -18.8855 -15.7598
-178.9568 -82.0371 28.8504
-210.2655 -92.5732 178.2204
-140.6954 23.0852 183.2384
-73.8399 49.8713 84.9
-38.3244 33.4536 33.7591
-21.1652 19.6647 14.3689
-12.5624 11.7712 6.795
-7.9498 7.3868 3.538
-5.3064 4.8646 1.9952
-3.7004 3.3437 1.2007
-2.6752 2.3839 0

-2.1266 1.4589 0
-2.8782 1.9474 0
-4.0225 2.67 -1.0342
-5.8459 3.774 -1.6877
-8.9162 5.5169 -2.9241
-14.4432 8.3369 -5.4461
-25.2146 12.8382 -11.033
-48.0877 18.7954 -24.2841
-99.4122 17.8425 -54.3362
-200.06 -29.6843 -87.0577
-278.0712 -101.2096 0
-200.06 -29.6843 87.0577
-99.4122 17.8425 54.3362
-48.0877 18.7954 24.2841
-25.2146 12.8382 11.033
-14.4432 8.3369 5.4461
-8.9162 5.5169 2.9241
-5.8459 3.774 1.6877
-4.0225 2.67 1.0342
-2.8782 1.9474 0

-1.9928 1.7532 0
-2.6752 2.3839 0
-3.7004 3.3437 -1.2007
-5.3064 4.8646 -1.9952
-7.9498 7.3868 -3.538
-12.5624 11.7712 -6.795
-21.1652 19.6647 -14.3689
-38.3244 33.4536 -33.7591
-73.8399 49.8713 -84.9
-140.6954 23.0852 -183.2384
-210.2655 -92.5732 -178.2204
-178.9568 -82.0371 -28.8504
-98.8654 -18.8855 15.7598
-49.8623 1.7535 12.5525
-26.5009 5.005 7.0224
-15.2234 4.46 3.8659
-9.3876 3.4365 2.2197
-6.1397 2.5753 1.3406
-4.2125 1.9369 0
-3.0055 1.4763 0

-1.8184 2.0161 0
-2.4063 2.7673 0
-3.266 3.9225 -1.3396
-4.5639 5.774 -2.2427
-6.5904 8.8825 -4.0077
-9.8567 14.356 -7.7528
-15.2169 24.346 -16.4739
-23.7673 42.1394 -38.6617
-35.5202 65.3587 -96.1926
-49.439 47.6394 -207.9692
-81.5571 -72.8159 -239.1892
-104.5122 -103.6731 -96.9776
-75.8378 -45.4132 -15.1453
-43.8815 -13.1238 1.6986
-24.9616 -2.4273 3.058
-14.8525 0 2.2541
-9.3363 1.3383 1.4902
-6.1731 1.3527 0
-4.2625 1.1847 0
-3.0527 0 0

-2.1955 1.5197 0
-2.988 1.9291 0
-4.1975 2.4715 -1.1421
-6.1239 3.172 -1.7719
-9.3462 3.9945 -2.8586
-15.0377 4.6294 -4.7807
-25.6372 3.6843 -8.0948
-45.8752 -4.2564 -12.4688
-80.7843 -36.4648 -7.9369
-111.1969 -110.683 59.3909
-75.1634 -106.4497 220.438
-30.6853 28.7673 221.6497
-21.8438 65.6231 110.5464
-16.4703 46.6744 46.534
-11.3915 28.3587 20.459
-7.7344 17.2791 9.8483
-5.3319 10.9473 5.1788
-3.7714 7.2467 2.9371
-2.7408 4.9946 1.7733
-2.043 3.5658 1.1274

-2.1011 1.8363 0
-2.8591 2.4034 0
-4.0206 3.2116 -1.3359
-5.8834 4.3832 -2.1367
-9.0401 6.0911 -3.6012
-14.7489 8.4952 -6.4429
-25.8648 11.2771 -12.2507
-49.0703 11.1271 -24.0794
-97.8754 -9.0342 -41.7175
-175.2637 -91.5315 -15.119
-193.7817 -135.3329 164.2488
-119.3294 5.3497 210.5812
-61.2907 54.3325 105.4374
-32.203 40.3421 43.6236
-18.0645 24.7876 19.0212
-10.8587 15.2333 9.1423
-6.9382 9.7317 4.8161
-4.6653 6.4931 2.74
-3.272 4.5081 1.6603
-2.3762 3.2399 1.0594

-1.9599 2.1327 0
-2.6526 2.847 0
-3.7072 3.9033 -1.5119
-5.3876 5.5172 -2.4672
-8.2173 8.0652 -4.2747
-13.3109 12.1877 -7.9617
-23.2379 18.7682 -16.1292
-44.3178 27.4771 -35.501
-91.6187 26.0839 -79.4341
-184.3763 -43.3956 -127.2699
-256.2718 -147.9586 0
-184.3763 -43.3956 127.2699
-91.6187 26.0839 79.4341
-44.3178 27.4771 35.501
-23.2379 18.7682 16.1292
-13.3109 12.1877 7.9617
-8.2173 8.0652 4.2747
-5.3876 5.5172 2.4672
-3.7072 3.9033 1.5119
-2.6526 2.847 0

-1.7766 2.3983 0
-2.3762 3.2399 -1.0594
-3.272 4.5081 -1.6603
-4.6653 6.4931 -2.74
-6.9382 9.7317 -4.8161
-10.8587 15.2333 -9.1423
-18.0645 24.7876 -19.0212
-32.203 40.3421 -43.6236
-61.2907 54.3325 -105.4374
-119.3294 5.3497 -210.5812
-193.7817 -135.3329 -164.2488
-175.2637 -91.5315 15.119
-97.8754 -9.0342 41.7175
-49.0703 11.1271 24.0794
-25.8648 11.2771 12.2507
-14.7489 8.4952 6.4429
-9.0401 6.0911 3.6012
-5.8834 4.3832 2.1367
-4.0206 3.2116 1.3359
-2.8591 2.4034 0

-1.5581 2.6237 0
-2.043 3.5658 -1.1274
-2.7408 4.9946 -1.7733
-3.7714 7.2467 -2.9371
-5.3319 10.9473 -5.1788
-7.7344 17.2791 -9.8483
-11.3915 28.3587 -20.459
-16.4703 46.6744 -46.534
-21.8438 65.6231 -110.5464
-30.6853 28.7673 -221.6497
-75.1634 -106.4497 -220.438
-111.1969 -110.683 -59.3909
-80.7843 -36.4648 7.9369
-45.8752 -4.2564 12.4688
-25.6372 3.6843 8.0948
-15.0377 4.6294 4.7807
-9.3462 3.9945 2.8586
-6.1239 3.172 1.7719
-4.1975 2.4715 1.1421
-2.988 1.9291 0

-2.0698 2.175 0
-2.8325 2.8082 -1.0545
-4.005 3.6832 -1.5948
-5.8886 4.8948 -2.5116
-9.0721 6.5294 -4.1402
-14.7661 8.4878 -7.1621
-25.5339 9.684 -12.8857
-46.475 4.7402 -22.86
-83.2761 -26.4084 -30.7778
-114.503 -114.3299 19.9995
-66.4859 -136.8491 194.9888
-10.9992 9.0211 228.5954
-7.5037 63.8937 121.5413
-8.6728 49.7912 52.9925
-7.2199 31.5098 23.8224
-5.3771 19.6772 11.6446
-3.9115 12.6795 6.1925
-2.8642 8.4991 3.5423
-2.1323 5.915 2.1532
-1.6177 4.2559 1.3764

-1.9236 2.4733 0
-2.6259 3.2575 -1.1601
-3.7065 4.3887 -1.7825
-5.4485 6.058 -2.8678
-8.4179 8.5605 -4.8732
-13.8262 12.2723 -8.8241
-24.4428 17.2066 -17.1067
-46.7873 20.1627 -34.8747
-93.9116 1.0916 -66.4075
-166.2454 -98.2448 -58.6291
-171.41 -173.9806 145.2866
-94.3375 -12.5484 231.5255
-46.8791 57.1427 122.7711
-25.1032 46.0048 52.1626
-14.415 29.1573 23.0957
-8.825 18.2324 11.2119
-5.7157 11.7808 5.9478
-3.8825 7.9243 3.4015
-2.7442 5.5355 2.0694
-2.005 3.9974 1.3246

-1.7337 2.7418 0
-2.3463 3.66 -1.2515
-3.2792 5.018 -1.9437
-4.7656 7.0928 -3.1718
-7.2686 10.3684 -5.4955
-11.7742 15.6682 -10.2354
-20.5551 24.1279 -20.7353
-39.2014 35.3239 -45.6392
-81.0415 33.5329 -102.1186
-163.0904 -55.7883 -163.615
-226.6857 -190.2119 0
-163.0904 -55.7883 163.615
-81.0415 33.5329 102.1186
-39.2014 35.3239 45.6392
-20.5551 24.1279 20.7353
-11.7742 15.6682 10.2354
-7.2686 10.3684 5.4955
-4.7656 7.0928 3.1718
-3.2792 5.018 1.9437
-2.3463 3.66 1.2515

-1.5064 2.9705 0
-2.005 3.9974 -1.3246
-2.7442 5.5355 -2.0694
-3.8825 7.9243 -3.4015
-5.7157 11.7808 -5.9478
-8.825 18.2324 -11.2119
-14.415 29.1573 -23.0957
-25.1032 46.0048 -52.1626
-46.8791 57.1427 -122.7711
-94.3375 -12.5484 -231.5255
-171.41 -173.9806 -145.2866
-166.2454 -98.2448 58.6291
-93.9116 1.0916 66.4075
-46.7873 20.1627 34.8747
-24.4428 17.2066 17.1067
-13.8262 12.2723 8.8241
-8.4179 8.5605 4.8732
-5.4485 6.058 2.8678
-3.7065 4.3887 1.7825
-2.6259 3.2575 1.1601

-1.2504 3.1516 0
-1.6177 4.2559 -1.3764
-2.1323 5.915 -2.1532
-2.8642 8.4991 -3.5423
-3.9115 12.6795 -6.1925
-5.3771 19.6772 -11.6446
-7.2199 31.5098 -23.8224
-8.6728 49.7912 -52.9925
-7.5037 63.8937 -121.5413
-10.9992 9.0211 -228.5954
-66.4859 -136.8491 -194.9888
-114.503 -114.3299 -19.9995
-83.2761 -26.4084 30.7778
-46.475 4.7402 22.86
-25.5339 9.684 12.8857
-14.7661 8.4878 7.1621
-9.0721 6.5294 4.1402
-5.8886 4.8948 2.5116
-4.005 3.6832 1.5948
-2.8325 2.8082 1.0545

-1.8813 2.7643 0
-2.591 3.6019 -1.3135
-3.6908 4.783 -1.9991
-5.4744 6.4689 -3.1749
-8.5223 8.8658 -5.296
-14.0457 12.0884 -9.3258
-24.6547 15.3894 -17.285
-45.6627 13.5929 -32.5567
-83.2377 -15.5496 -52.6836
-114.3299 -114.503 -19.9995
-55.7883 -163.0904 163.615
9.0211 -10.9992 228.5954
7.0644 60.2228 128.8432
0 51.3951 57.8409
-2.829 33.7034 26.462
-2.8564 21.4774 13.0871
-2.3722 14.0264 7.0181
-1.8701 9.4933 4.0398
-1.459 6.6557 2.4676
-1.1432 4.8167 1.5836

-1.6876 3.0353 0
-2.3129 4.0126 -1.4116
-3.2798 5.4325 -2.1749
-4.8479 7.5488 -3.5118
-7.5399 10.7698 -5.9971
-12.4834 15.6765 -10.9372
-22.2781 22.6132 -21.443
-43.0827 28.5856 -44.6104
-87.0942 11.1842 -89.0798
-152.1757 -101.973 -100.3577
-143.8301 -207.3421 121.9099
-66.4793 -30.0652 245.435
-31.0432 58.2167 136.3745
-17.2406 50.2698 59.1166
-10.3274 32.6411 26.4683
-6.5232 20.6776 12.9408
-4.3196 13.472 6.8988
-2.9817 9.1147 3.9597
-2.1329 6.3948 2.4156
-1.573 4.6335 1.5496

-1.4547 3.2675 -1.0007
-1.9688 4.3618 -1.4915
-2.7515 5.9802 -2.3164
-3.9988 8.4528 -3.78
-6.0991 12.3566 -6.5492
-9.8797 18.6727 -12.198
-17.2478 28.7545 -24.7114
-32.8939 42.0973 -54.3907
-68.0019 39.9629 -121.7002
-136.8491 -66.4859 -194.9888
-190.2119 -226.6857 0
-136.8491 -66.4859 194.9888
-68.0019 39.9629 121.7002
-32.8939 42.0973 54.3907
-17.2478 28.7545 24.7114
-9.8797 18.6727 12.198
-6.0991 12.3566 6.5492
-3.9988 8.4528 3.78
-2.7515 5.9802 2.3164
-1.9688 4.3618 1.4915

-1.1905 3.4524 -1.0364
-1.573 4.6335 -1.5496
-2.1329 6.3948 -2.4156
-2.9817 9.1147 -3.9597
-4.3196 13.472 -6.8988
-6.5232 20.6776 -12.9408
-10.3274 32.6411 -26.4683
-17.2406 50.2698 -59.1166
-31.0432 58.2167 -136.3745
-66.4793 -30.0652 -245.435
-143.8301 -207.3421 -121.9099
-152.1757 -101.973 100.3577
-87.0942 11.1842 89.0798
-43.0827 28.5856 44.6104
-22.2781 22.6132 21.443
-12.4834 15.6765 10.9372
-7.5399 10.7698 5.9971
-4.8479 7.5488 3.5118
-3.2798 5.4325 2.1749
-2.3129 4.0126 1.4116

0 3.5837 -1.059
-1.1432 4.8167 -1.5836
-1.459 6.6557 -2.4676
-1.8701 9.4933 -4.0398
-2.3722 14.0264 -7.0181
-2.8564 21.4774 -13.0871
-2.829 33.7034 -26.462
0 51.3951 -57.8409
7.0644 60.2228 -128.8432
9.0211 -10.9992 -228.5954
-55.7883 -163.0904 -163.615
-114.3299 -114.503 19.9995
-83.2377 -15.5496 52.6836
-45.6627 13.5929 32.5567
-24.6547 15.3894 17.285
-14.0457 12.0884 9.3258
-8.5223 8.8658 5.296
-5.4744 6.4689 3.1749
-3.6908 4.783 1.9991
-2.591 3.6019 1.3135

-1.6356 3.2696 -1.0408
-2.2707 4.2862 -1.5325
-3.2645 5.7374 -2.3426
-4.8939 7.8465 -3.7418
-7.7136 10.9329 -6.2908
-12.8986 15.3217 -11.2062
-23.0264 20.6272 -21.1591
-43.463 22.0325 -41.2641
-80.6701 -4.2183 -72.9887
-110.683 -111.1969 -59.3909
-43.3956 -184.3763 127.2699
28.7673 -30.6853 221.6497
21.4178 54.7221 132.2303
7.4678 51.4375 60.9317
1.6479 34.873 28.2975
0 22.625 14.132
0 14.9471 7.6304
0 10.199 4.4145
0 7.1942 2.7071
0 5.2312 1.7426

-1.4004 3.505 -1.092
-1.9295 4.6458 -1.6201
-2.7534 6.3112 -2.5012
-4.1001 8.8101 -4.0492
-6.4328 12.6519 -6.9388
-10.7613 18.6044 -12.7179
-19.4366 27.3328 -25.1278
-38.0691 36.14 -52.9906
-77.6306 20.9371 -109.0455
-133.4823 -102.6028 -139.0371
-111.8799 -234.4035 94.8291
-36.6011 -46.6684 251.8872
-14.264 57.5218 145.8342
-8.8541 53.0073 64.2744
-5.9261 35.1331 29.0368
-4.0232 22.4946 14.2765
-2.7922 14.7538 7.6402
-1.9902 10.0282 4.3975
-1.4569 7.0597 2.6884
-1.0931 5.1287 1.7275

-1.1316 3.694 -1.1313
-1.5315 4.9311 -1.6862
-2.1403 6.7607 -2.6187
-3.1106 9.5561 -4.2733
-4.7442 13.9693 -7.404
-7.6851 21.1098 -13.7901
-13.4164 32.5074 -27.9366
-25.5869 47.5917 -61.4896
-52.8961 45.1787 -137.584
-106.4497 -75.1634 -220.438
-147.9586 -256.2718 0
-106.4497 -75.1634 220.438
-52.8961 45.1787 137.584
-25.5869 47.5917 61.4896
-13.4164 32.5074 27.9366
-7.6851 21.1098 13.7901
-4.7442 13.9693 7.404
-3.1106 9.5561 4.2733
-2.1403 6.7607 2.6187
-1.5315 4.9311 1.6862

0 3.8294 -1.157
-1.0931 5.1287 -1.7275
-1.4569 7.0597 -2.6884
-1.9902 10.0282 -4.3975
-2.7922 14.7538 -7.6402
-4.0232 22.4946 -14.2765
-5.9261 35.1331 -29.0368
-8.8541 53.0073 -64.2744
-14.264 57.5218 -145.8342
-36.6011 -46.6684 -251.8872
-111.8799 -234.4035 -94.8291
-133.4823 -102.6028 139.0371
-77.6306 20.9371 109.0455
-38.0691 36.14 52.9906
-19.4366 27.3328 25.1278
-10.7613 18.6044 12.7179
-6.4328 12.6519 6.9388
-4.1001 8.8101 4.0492
-2.7534 6.3112 2.5012
-1.9295 4.6458 1.6201

0 3.907 -1.1683
0 5.2312 -1.7426
0 7.1942 -2.7071
0 10.199 -4.4145
0 14.9471 -7.6304
0 22.625 -14.132
1.6479 34.873 -28.2975
7.4678 51.4375 -60.9317
21.4178 54.7221 -132.2303
28.7673 -30.6853 -221.6497
-43.3956 -184.3763 -127.2699
-110.683 -111.1969 59.3909
-80.6701 -4.2183 72.9887
-43.463 22.0325 41.2641
-23.0264 20.6272 21.1591
-12.8986 15.3217 11.2062
-7.7136 10.9329 6.2908
-4.8939 7.8465 3.7418
-3.2645 5.7374 2.3426
-2.2707 4.2862 1.5325

-1.3402 3.6755 -1.1549
-1.8814 4.8403 -1.705
-2.739 6.5176 -2.615
-4.1646 8.9857 -4.195
-6.6706 12.6678 -7.0945
-11.3596 18.0894 -12.7461
-20.6985 25.2383 -24.3903
-39.9427 29.8027 -48.7178
-75.6514 7.2411 -91.076
-103.6731 -104.5122 -96.9776
-29.6843 -200.06 87.0577
47.6394 -49.439 207.9692
35.1204 47.5588 131.5996
15.3205 49.9169 62.1712
6.0747 34.983 29.2733
2.3662 23.0852 14.7475
0 15.4137 8.0109
0 10.5949 4.6551
0 7.5141 2.8643
0 5.4867 1.8487

-1.0706 3.8682 -1.198
-1.4876 5.1378 -1.7795
-2.1434 6.9981 -2.7515
-3.2277 9.8038 -4.4634
-5.1303 14.1496 -7.6697
-8.7122 20.9669 -14.1123
-16.0044 31.2219 -28.049
-31.8987 42.5963 -59.7607
-65.8082 30.0537 -125.6978
-110.7331 -100.1151 -173.4918
-76.5304 -254.3427 64.8669
-5.6108 -61.8537 250.6858
2.9486 55.0792 150.8628
0 54.1342 67.4793
-1.3446 36.5576 30.7229
-1.401 23.628 15.1784
-1.18 15.5874 8.1495
0 10.637 4.7017
0 7.5101 2.8796
0 5.4682 1.8529

0 4.0082 -1.2275
-1.0476 5.3506 -1.8296
-1.4641 7.3358 -2.8415
-2.1277 10.3689 -4.6368
-3.2452 15.1576 -8.0338
-5.2569 22.9054 -14.9631
-9.1774 35.2726 -30.313
-17.5025 51.64 -66.7201
-36.1831 49.0217 -149.2873
-72.8159 -81.5571 -239.1892
-101.2096 -278.0712 0
-72.8159 -81.5571 239.1892
-36.1831 49.0217 149.2873
-17.5025 51.64 66.7201
-9.1774 35.2726 30.313
-5.2569 22.9054 14.9631
-3.2452 15.1576 8.0338
-2.1277 10.3689 4.6368
-1.4641 7.3358 2.8415
-1.0476 5.3506 1.8296

0 4.0901 -1.2424
0 5.4682 -1.8529
0 7.5101 -2.8796
0 10.637 -4.7017
-1.18 15.5874 -8.1495
-1.401 23.628 -15.1784
-1.3446 36.5576 -30.7229
0 54.1342 -67.4793
2.9486 55.0792 -150.8628
-5.6108 -61.8537 -250.6858
-76.5304 -254.3427 -64.8669
-110.7331 -100.1151 173.4918
-65.8082 30.0537 125.6978
-31.8987 42.5963 59.7607
-16.0044 31.2219 28.049
-8.7122 20.9669 14.1123
-5.1303 14.1496 7.6697
-3.2277 9.8038 4.4634
-2.1434 6.9981 2.7515
-1.4876 5.1378 1.7795

0 4.1115 -1.2421
0 5.4867 -1.8487
0 7.5141 -2.8643
0 10.5949 -4.6551
0 15.4137 -8.0109
2.3662 23.0852 -14.7475
6.0747 34.983 -29.2733
15.3205 49.9169 -62.1712
35.1204 47.5588 -131.5996
47.6394 -49.439 -207.9692
-29.6843 -200.06 -87.0577
-103.6731 -104.5122 96.9776
-75.6514 7.2411 91.076
-39.9427 29.8027 48.7178
-20.6985 25.2383 24.3903
-11.3596 18.0894 12.7461
-6.6706 12.6678 7.0945
-4.1646 8.9857 4.195
-2.739 6.5176 2.615
-1.8814 4.8403 1.705

-1.0041 3.9697 -1.2339
-1.435 5.2473 -1.8257
-2.1302 7.0997 -2.8079
-3.3088 9.8518 -4.5207
-5.4248 14.0178 -7.6827
-9.4754 20.3075 -13.8987
-17.7417 29.0825 -26.8804
-35.2087 36.6674 -54.6912
-68.3341 18.4805 -106.396
-93.5131 -94.6519 -131.6178
-15.0711 -209.665 44.2004
65.064 -66.6905 187.9697
47.756 38.9503 126.9704
22.7077 46.8796 61.5217
10.317 34.03 29.3596
4.9093 22.8439 14.9148
2.4817 15.4119 8.1479
1.3247 10.6688 4.7543
0 7.6056 2.9344
0 5.5755 1.8987

0 4.1139 -1.2675
-1.0005 5.4737 -1.8848
-1.4683 7.4724 -2.9182
-2.2572 10.4996 -4.7421
-3.6719 15.2174 -8.1675
-6.3984 22.6925 -15.0778
-12.086 34.1623 -30.118
-24.7591 47.7583 -64.715
-51.9863 38.2572 -138.5309
-84.6193 -94.5854 -202.6751
-38.8555 -266.5538 32.9338
25.55 -75.1596 241.8675
20.0716 50.9629 151.3075
8.4629 53.6162 68.6339
3.2776 36.8713 31.4756
1.2638 24.0435 15.6191
0 15.9473 8.4112
0 10.9226 4.8631
0 7.7324 2.9832
0 5.6415 1.9221

0 4.2007 -1.2864
0 5.6074 -1.9174
0 7.688 -2.9779
-1.0803 10.8668 -4.8594
-1.6477 15.8853 -8.4195
-2.669 24.0051 -15.6815
-4.6595 36.966 -31.7684
-8.8862 54.1193 -69.9234
-18.3706 51.3753 -156.4547
-36.9696 -85.4727 -250.6728
-51.3855 -291.4215 0
-36.9696 -85.4727 250.6728
-18.3706 51.3753 156.4547
-8.8862 54.1193 69.9234
-4.6595 36.966 31.7684
-2.669 24.0051 15.6815
-1.6477 15.8853 8.4195
-1.0803 10.8668 4.8594
0 7.688 2.9779
0 5.6074 1.9174

0 4.2265 -1.29
0 5.6415 -1.9221
0 7.7324 -2.9832
0 10.9226 -4.8631
0 15.9473 -8.4112
1.2638 24.0435 -15.6191
3.2776 36.8713 -31.4756
8.4629 53.6162 -68.6339
20.0716 50.9629 -151.3075
25.55 -75.1596 -241.8675
-38.8555 -266.5538 -32.9338
-84.6193 -94.5854 202.6751
-51.9863 38.2572 138.5309
-24.7591 47.7583 64.715
-12.086 34.1623 30.118
-6.3984 22.6925 15.0778
-3.6719 15.2174 8.1675
-2.2572 10.4996 4.7421
-1.4683 7.4724 2.9182
-1.0005 5.4737 1.8848

0 4.1911 -1.2782
0 5.5755 -1.8987
0 7.6056 -2.9344
1.3247 10.6688 -4.7543
2.4817 15.4119 -8.1479
4.9093 22.8439 -14.9148
10.317 34.03 -29.3596
22.7077 46.8796 -61.5217
47.756 38.9503 -126.9704
65.064 -66.6905 -187.9697
-15.0711 -209.665 -44.2004
-93.5131 -94.6519 131.6178
-68.3341 18.4805 106.396
-35.2087 36.6674 54.6912
-17.7417 29.0825 26.8804
-9.4754 20.3075 13.8987
-5.4248 14.0178 7.6827
-3.3088 9.8518 4.5207
-2.1302 7.0997 2.8079
-1.435 5.2473 1.8257

0 4.1434 -1.2754
0 5.4949 -1.8909
-1.4568 7.4661 -2.9154
-2.3525 10.4186 -4.7091
-4.0142 14.9419 -8.0374
-7.3033 21.9085 -14.629
-14.2458 32.0431 -28.5538
-29.4049 42.4179 -59.0028
-58.9405 29.1584 -118.4832
-80.5117 -81.9157 -162.2588
0 -212.8994 0
80.5117 -81.9157 162.2588
58.9405 29.1584 118.4832
29.4049 42.4179 59.0028
14.2458 32.0431 28.5538
7.3033 21.9085 14.629
4.0142 14.9419 8.0374
2.3525 10.4186 4.7091
1.4568 7.4661 2.9154
0 5.4949 1.8909

0 4.2345 -1.2985
0 5.6433 -1.9328
0 7.7197 -2.9962
-1.2181 10.8763 -4.8767
-2.1019 15.8227 -8.4172
-3.8902 23.7285 -15.5852
-7.8003 36.0647 -31.2719
-16.8673 51.4692 -67.703
-36.5848 45.2982 -147.1548
-55.9344 -86.1818 -225.7002
0 -270.6658 0
55.9344 -86.1818 225.7002
36.5848 45.2982 147.1548
16.8673 51.4692 67.703
7.8003 36.0647 31.2719
3.8902 23.7285 15.5852
2.1019 15.8227 8.4172
1.2181 10.8763 4.8767
0 7.7197 2.9962
0 5.6433 1.9328

0 4.2655 -1.3063
0 5.6939 -1.947
0 7.8066 -3.0238
0 11.0344 -4.9344
0 16.1304 -8.5494
0 24.3755 -15.9234
0 37.5363 -32.2584
0 54.9542 -71.002
0 52.1679 -158.8683
0 -86.7912 -254.5398
0 -295.9172 0
0 -86.7912 254.5398
0 52.1679 158.8683
0 54.9542 71.002
0 37.5363 32.2584
0 24.3755 15.9234
0 16.1304 8.5494
0 11.0344 4.9344
0 7.8066 3.0238
0 5.6939 1.947

0 4.2345 -1.2985
0 5.6433 -1.9328
0 7.7197 -2.9962
1.2181 10.8763 -4.8767
2.1019 15.8227 -8.4172
3.8902 23.7285 -15.5852
7.8003 36.0647 -31.2719
16.8673 51.4692 -67.703
36.5848 45.2982 -147.1548
55.9344 -86.1818 -225.7002
0 -270.6658 0
-55.9344 -86.1818 225.7002
-36.5848 45.2982 147.1548
-16.8673 51.4692 67.703
-7.8003 36.0647 31.2719
-3.8902 23.7285 15.5852
-2.1019 15.8227 8.4172
-1.2181 10.8763 4.8767
0 7.7197 2.9962
0 5.6433 1.9328

0 4.1434 -1.2754
0 5.4949 -1.8909
1.4568 7.4661 -2.9154
2.3525 10.4186 -4.7091
4.0142 14.9419 -8.0374
7.3033 21.9085 -14.629
14.2458 32.0431 -28.5538
29.4049 42.4179 -59.0028
58.9405 29.1584 -118.4832
80.5117 -81.9157 -162.2588
0 -212.8994 0
-80.5117 -81.9157 162.2588
-58.9405 29.1584 118.4832
-29.4049 42.4179 59.0028
-14.2458 32.0431 28.5538
-7.3033 21.9085 14.629
-4.0142 14.9419 8.0374
-2.3525 10.4186 4.7091
-1.4568 7.4661 2.9154
0 5.4949 1.8909

0 4.1911 -1.2782
0 5.5755 -1.8987
0 7.6056 -2.9344
-1.3247 10.6688 -4.7543
-2.4817 15.4119 -8.1479
-4.9093 22.8439 -14.9148
-10.317 34.03 -29.3596
-22.7077 46.8796 -61.5217
-47.756 38.9503 -126.9704
-65.064 -66.6905 -187.9697
15.0711 -209.665 -44.2004
93.5131 -94.6519 131.6178
68.3341 18.4805 106.396
35.2087 36.6674 54.6912
17.7417 29.0825 26.8804
9.4754 20.3075 13.8987
5.4248 14.0178 7.6827
3.3088 9.8518 4.5207
2.1302 7.0997 2.8079
1.435 5.2473 1.8257

0 4.2265 -1.29
0 5.6415 -1.9221
0 7.7324 -2.9832
0 10.9226 -4.8631
0 15.9473 -8.4112
-1.2638 24.0435 -15.6191
-3.2776 36.8713 -31.4756
-8.4629 53.6162 -68.6339
-20.0716 50.9629 -151.3075
-25.55 -75.1596 -241.8675
38.8555 -266.5538 -32.9338
84.6193 -94.5854 202.6751
51.9863 38.2572 138.5309
24.7591 47.7583 64.715
12.086 34.1623 30.118
6.3984 22.6925 15.0778
3.6719 15.2174 8.1675
2.2572 10.4996 4.7421
1.4683 7.4724 2.9182
1.0005 5.4737 1.8848

0 4.2007 -1.2864
0 5.6074 -1.9174
0 7.688 -2.9779
1.0803 10.8668 -4.8594
1.6477 15.8853 -8.4195
2.669 24.0051 -15.6815
4.6595 36.966 -31.7684
8.8862 54.1193 -69.9234
18.3706 51.3753 -156.4547
36.9696 -85.4727 -250.6728
51.3855 -291.4215 0
36.9696 -85.4727 250.6728
18.3706 51.3753 156.4547
8.8862 54.1193 69.9234
4.6595 36.966 31.7684
2.669 24.0051 15.6815
1.6477 15.8853 8.4195
1.0803 10.8668 4.8594
0 7.688 2.9779
0 5.6074 1.9174

0 4.1139 -1.2675
1.0005 5.4737 -1.8848
1.4683 7.4724 -2.9182
2.2572 10.4996 -4.7421
3.6719 15.2174 -8.1675
6.3984 22.6925 -15.0778
12.086 34.1623 -30.118
24.7591 47.7583 -64.715
51.9863 38.2572 -138.5309
84.6193 -94.5854 -202.6751
38.8555 -266.5538 32.9338
-25.55 -75.1596 241.8675
-20.0716 50.9629 151.3075
-8.4629 53.6162 68.6339
-3.2776 36.8713 31.4756
-1.2638 24.0435 15.6191
0 15.9473 8.4112
0 10.9226 4.8631
0 7.7324 2.9832
0 5.6415 1.9221

1.0041 3.9697 -1.2339
1.435 5.2473 -1.8257
2.1302 7.0997 -2.8079
3.3088 9.8518 -4.5207
5.4248 14.0178 -7.6827
9.4754 20.3075 -13.8987
17.7417 29.0825 -26.8804
35.2087 36.6674 -54.6912
68.3341 18.4805 -106.396
93.5131 -94.6519 -131.6178
15.0711 -209.665 44.2004
-65.064 -66.6905 187.9697
-47.756 38.9503 126.9704
-22.7077 46.8796 61.5217
-10.317 34.03 29.3596
-4.9093 22.8439 14.9148
-2.4817 15.4119 8.1479
-1.3247 10.6688 4.7543
0 7.6056 2.9344
0 5.5755 1.8987

0 4.1115 -1.2421
0 5.4867 -1.8487
0 7.5141 -2.8643
0 10.5949 -4.6551
0 15.4137 -8.0109
-2.3662 23.0852 -14.7475
-6.0747 34.983 -29.2733
-15.3205 49.9169 -62.1712
-35.1204 47.5588 -131.5996
-47.6394 -49.439 -207.9692
29.6843 -200.06 -87.0577
103.6731 -104.5122 96.9776
75.6514 7.2411 91.076
39.9427 29.8027 48.7178
20.6985 25.2383 24.3903
11.3596 18.0894 12.7461
6.6706 12.6678 7.0945
4.1646 8.9857 4.195
2.739 6.5176 2.615
1.8814 4.8403 1.705

0 4.0901 -1.2424
0 5.4682 -1.8529
0 7.5101 -2.8796
0 10.637 -4.7017
1.18 15.5874 -8.1495
1.401 23.628 -15.1784
1.3446 36.5576 -30.7229
0 54.1342 -67.4793
-2.9486 55.0792 -150.8628
5.6108 -61.8537 -250.6858
76.5304 -254.3427 -64.8669
110.7331 -100.1151 173.4918
65.8082 30.0537 125.6978
31.8987 42.5963 59.7607
16.0044 31.2219 28.049
8.7122 20.9669 14.1123
5.1303 14.1496 7.6697
3.2277 9.8038 4.4634
2.1434 6.9981 2.7515
1.4876 5.1378 1.7795

0 4.0082 -1.2275
1.0476 5.3506 -1.8296
1.4641 7.3358 -2.8415
2.1277 10.3689 -4.6368
3.2452 15.1576 -8.0338
5.2569 22.9054 -14.9631
9.1774 35.2726 -30.313
17.5025 51.64 -66.7201
36.1831 49.0217 -149.2873
72.8159 -81.5571 -239.1892
101.2096 -278.0712 0
72.8159 -81.5571 239.1892
36.1831 49.0217 149.2873
17.5025 51.64 66.7201
9.1774 35.2726 30.313
5.2569 22.9054 14.9631
3.2452 15.1576 8.0338
2.1277 10.3689 4.6368
1.4641 7.3358 2.8415
1.0476 5.3506 1.8296

1.0706 3.8682 -1.198
1.4876 5.1378 -1.7795
2.1434 6.9981 -2.7515
3.2277 9.8038 -4.4634
5.1303 14.1496 -7.6697
8.7122 20.9669 -14.1123
16.0044 31.2219 -28.049
31.8987 42.5963 -59.7607
65.8082 30.0537 -125.6978
110.7331 -100.1151 -173.4918
76.5304 -254.3427 64.8669
5.6108 -61.8537 250.6858
-2.9486 55.0792 150.8628
0 54.1342 67.4793
1.3446 36.5576 30.7229
1.401 23.628 15.1784
1.18 15.5874 8.1495
0 10.637 4.7017
0 7.5101 2.8796
0 5.4682 1.8529

1.3402 3.6755 -1.1549
1.8814 4.8403 -1.705
2.739 6.5176 -2.615
4.1646 8.9857 -4.195
6.6706 12.6678 -7.0945
11.3596 18.0894 -12.7461
20.6985 25.2383 -24.3903
39.9427 29.8027 -48.7178
75.6514 7.2411 -91.076
103.6731 -104.5122 -96.9776
29.6843 -200.06 87.0577
-47.6394 -49.439 207.9692
-35.1204 47.5588 131.5996
-15.3205 49.9169 62.1712
-6.0747 34.983 29.2733
-2.3662 23.0852 14.7475
0 15.4137 8.0109
0 10.5949 4.6551
0 7.5141 2.8643
0 5.4867 1.8487

0 3.907 -1.1683
0 5.2312 -1.7426
0 7.1942 -2.7071
0 10.199 -4.4145
0 14.9471 -7.6304
0 22.625 -14.132
-1.6479 34.873 -28.2975
-7.4678 51.4375 -60.9317
-21.4178 54.7221 -132.2303
-28.7673 -30.6853 -221.6497
43.3956 -184.3763 -127.2699
110.683 -111.1969 59.3909
80.6701 -4.2183 72.9887
43.463 22.0325 41.2641
23.0264 20.6272 21.1591
12.8986 15.3217 11.2062
7.7136 10.9329 6.2908
4.8939 7.8465 3.7418
3.2645 5.7374 2.3426
2.2707 4.2862 1.5325

0 3.8294 -1.157
1.0931 5.1287 -1.7275
1.4569 7.0597 -2.6884
1.9902 10.0282 -4.3975
2.7922 14.7538 -7.6402
4.0232 22.4946 -14.2765
5.9261 35.1331 -29.0368
8.8541 53.0073 -64.2744
14.264 57.5218 -145.8342
36.6011 -46.6684 -251.8872
111.8799 -234.4035 -94.8291
133.4823 -102.6028 139.0371
77.6306 20.9371 109.0455
38.0691 36.14 52.9906
19.4366 27.3328 25.1278
10.7613 18.6044 12.7179
6.4328 12.6519 6.9388
4.1001 8.8101 4.0492
2.7534 6.3112 2.5012
1.9295 4.6458 1.6201

1.1316 3.694 -1.1313
1.5315 4.9311 -1.6862
2.1403 6.7607 -2.6187
3.1106 9.5561 -4.2733
4.7442 13.9693 -7.404
7.6851 21.1098 -13.7901
13.4164 32.5074 -27.9366
25.5869 47.5917 -61.4896
52.8961 45.1787 -137.584
106.4497 -75.1634 -220.438
147.9586 -256.2718 0
106.4497 -75.1634 220.438
52.8961 45.1787 137.584
25.5869 47.5917 61.4896
13.4164 32.5074 27.9366
7.6851 21.1098 13.7901
4.7442 13.9693 7.404
3.1106 9.5561 4.2733
2.1403 6.7607 2.6187
1.5315 4.9311 1.6862

1.4004 3.505 -1.092
1.9295 4.6458 -1.6201
2.7534 6.3112 -2.5012
4.1001 8.8101 -4.0492
6.4328 12.6519 -6.9388
10.7613 18.6044 -12.7179
19.4366 27.3328 -25.1278
38.0691 36.14 -52.9906
77.6306 20.9371 -109.0455
133.4823 -102.6028 -139.0371
111.8799 -234.4035 94.8291
36.6011 -46.6684 251.8872
14.264 57.5218 145.8342
8.8541 53.0073 64.2744
5.9261 35.1331 29.0368
4.0232 22.4946 14.2765
2.7922 14.7538 7.6402
1.9902 10.0282 4.3975
1.4569 7.0597 2.6884
1.0931 5.1287 1.7275

1.6356 3.2696 -1.0408
2.2707 4.2862 -1.5325
3.2645 5.7374 -2.3426
4.8939 7.8465 -3.7418
7.7136 10.9329 -6.2908
12.8986 15.3217 -11.2062
23.0264 20.6272 -21.1591
43.463 22.0325 -41.2641
80.6701 -4.2183 -72.9887
110.683 -111.1969 -59.3909
43.3956 -184.3763 127.2699
-28.7673 -30.6853 221.6497
-21.4178 54.7221 132.2303
-7.4678 51.4375 60.9317
-1.6479 34.873 28.2975
0 22.625 14.132
0 14.9471 7.6304
0 10.199 4.4145
0 7.1942 2.7071
0 5.2312 1.7426

0 3.5837 -1.059
1.1432 4.8167 -1.5836
1.459 6.6557 -2.4676
1.8701 9.4933 -4.0398
2.3722 14.0264 -7.0181
2.8564 21.4774 -13.0871
2.829 33.7034 -26.462
0 51.3951 -57.8409
-7.0644 60.2228 -128.8432
-9.0211 -10.9992 -228.5954
55.7883 -163.0904 -163.615
114.3299 -114.503 19.9995
83.2377 -15.5496 52.6836
45.6627 13.5929 32.5567
24.6547 15.3894 17.285
14.0457 12.0884 9.3258
8.5223 8.8658 5.296
5.4744 6.4689 3.1749
3.6908 4.783 1.9991
2.591 3.6019 1.3135

1.1905 3.4524 -1.0364
1.573 4.6335 -1.5496
2.1329 6.3948 -2.4156
2.9817 9.1147 -3.9597
4.3196 13.472 -6.8988
6.5232 20.6776 -12.9408
10.3274 32.6411 -26.4683
17.2406 50.2698 -59.1166
31.0432 58.2167 -136.3745
66.4793 -30.0652 -245.435
143.8301 -207.3421 -121.9099
152.1757 -101.973 100.3577
87.0942 11.1842 89.0798
43.0827 28.5856 44.6104
22.2781 22.6132 21.443
12.4834 15.6765 10.9372
7.5399 10.7698 5.9971
4.8479 7.5488 3.5118
3.2798 5.4325 2.1749
2.3129 4.0126 1.4116

1.4547 3.2675 -1.0007
1.9688 4.3618 -1.4915
2.7515 5.9802 -2.3164
3.9988 8.4528 -3.78
6.0991 12.3566 -6.5492
9.8797 18.6727 -12.198
17.2478 28.7545 -24.7114
32.8939 42.0973 -54.3907
68.0019 39.9629 -121.7002
136.8491 -66.4859 -194.9888
190.2119 -226.6857 0
136.8491 -66.4859 194.9888
68.0019 39.9629 121.7002
32.8939 42.0973 54.3907
17.2478 28.7545 24.7114
9.8797 18.6727 12.198
6.0991 12.3566 6.5492
3.9988 8.4528 3.78
2.7515 5.9802 2.3164
1.9688 4.3618 1.4915

1.6876 3.0353 0
2.3129 4.0126 -1.4116
3.2798 5.4325 -2.1749
4.8479 7.5488 -3.5118
7.5399 10.7698 -5.9971
12.4834 15.6765 -10.9372
22.2781 22.6132 -21.443
43.0827 28.5856 -44.6104
87.0942 11.1842 -89.0798
152.1757 -101.973 -100.3577
143.8301 -207.3421 121.9099
66.4793 -30.0652 245.435
31.0432 58.2167 136.3745
17.2406 50.2698 59.1166
10.3274 32.6411 26.4683
6.5232 20.6776 12.9408
4.3196 13.472 6.8988
2.9817 9.1147 3.9597
2.1329 6.3948 2.4156
1.573 4.6335 1.5496

1.8813 2.7643 0
2.591 3.6019 -1.3135
3.6908 4.783 -1.9991
5.4744 6.4689 -3.1749
8.5223 8.8658 -5.296
14.0457 12.0884 -9.3258
24.6547 15.3894 -17.285
45.6627 13.5929 -32.5567
83.2377 -15.5496 -52.6836
114.3299 -114.503 -19.9995
55.7883 -163.0904 163.615
-9.0211 -10.9992 228.5954
-7.0644 60.2228 128.8432
0 51.3951 57.8409
2.829 33.7034 26.462
2.8564 21.4774 13.0871
2.3722 14.0264 7.0181
1.8701 9.4933 4.0398
1.459 6.6557 2.4676
1.1432 4.8167 1.5836

1.2504 3.1516 0
1.6177 4.2559 -1.3764
2.1323 5.915 -2.1532
2.8642 8.4991 -3.5423
3.9115 12.6795 -6.1925
5.3771 19.6772 -11.6446
7.2199 31.5098 -23.8224
8.6728 49.7912 -52.9925
7.5037 63.8937 -121.5413
10.9992 9.0211 -228.5954
66.4859 -136.8491 -194.9888
114.503 -114.3299 -19.9995
83.2761 -26.4084 30.7778
46.475 4.7402 22.86
25.5339 9.684 12.8857
14.7661 8.4878 7.1621
9.0721 6.5294 4.1402
5.8886 4.8948 2.5116
4.005 3.6832 1.5948
2.8325 2.8082 1.0545

1.5064 2.9705 0
2.005 3.9974 -1.3246
2.7442 5.5355 -2.0694
3.8825 7.9243 -3.4015
5.7157 11.7808 -5.9478
8.825 18.2324 -11.2119
14.415 29.1573 -23.0957
25.1032 46.0048 -52.1626
46.8791 57.1427 -122.7711
94.3375 -12.5484 -231.5255
171.41 -173.9806 -145.2866
166.2454 -98.2448 58.6291
93.9116 1.0916 66.4075
46.7873 20.1627 34.8747
24.4428 17.2066 17.1067
13.8262 12.2723 8.8241
8.4179 8.5605 4.8732
5.4485 6.058 2.8678
3.7065 4.3887 1.7825
2.6259 3.2575 1.1601

1.7337 2.7418 0
2.3463 3.66 -1.2515
3.2792 5.018 -1.9437
4.7656 7.0928 -3.1718
7.2686 10.3684 -5.4955
11.7742 15.6682 -10.2354
20.5551 24.1279 -20.7353
39.2014 35.3239 -45.6392
81.0415 33.5329 -102.1186
163.0904 -55.7883 -163.615
226.6857 -190.2119 0
163.0904 -55.7883 163.615
81.0415 33.5329 102.1186
39.2014 35.3239 45.6392
20.5551 24.1279 20.7353
11.7742 15.6682 10.2354
7.2686 10.3684 5.4955
4.7656 7.0928 3.1718
3.2792 5.018 1.9437
2.3463 3.66 1.2515

1.9236 2.4733 0
2.6259 3.2575 -1.1601
3.7065 4.3887 -1.7825
5.4485 6.058 -2.8678
8.4179 8.5605 -4.8732
13.8262 12.2723 -8.8241
24.4428 17.2066 -17.1067
46.7873 20.1627 -34.8747
93.9116 1.0916 -66.4075
166.2454 -98.2448 -58.6291
171.41 -173.9806 145.2866
94.3375 -12.5484 231.5255
46.8791 57.1427 122.7711
25.1032 46.0048 52.1626
14.415 29.1573 23.0957
8.825 18.2324 11.2119
5.7157 11.7808 5.9478
3.8825 7.9243 3.4015
2.7442 5.5355 2.0694
2.005 3.9974 1.3246

2.0698 2.175 0
2.8325 2.8082 -1.0545
4.005 3.6832 -1.5948
5.8886 4.8948 -2.5116
9.0721 6.5294 -4.1402
14.7661 8.4878 -7.1621
25.5339 9.684 -12.8857
46.475 4.7402 -22.86
83.2761 -26.4084 -30.7778
114.503 -114.3299 19.9995
66.4859 -136.8491 194.9888
10.9992 9.0211 228.5954
7.5037 63.8937 121.5413
8.6728 49.7912 52.9925
7.2199 31.5098 23.8224
5.3771 19.6772 11.6446
3.9115 12.6795 6.1925
2.8642 8.4991 3.5423
2.1323 5.915 2.1532
1.6177 4.2559 1.3764

1.5581 2.6237 0
2.043 3.5658 -1.1274
2.7408 4.9946 -1.7733
3.7714 7.2467 -2.9371
5.3319 10.9473 -5.1788
7.7344 17.2791 -9.8483
11.3915 28.3587 -20.459
16.4703 46.6744 -46.534
21.8438 65.6231 -110.5464
30.6853 28.7673 -221.6497
75.1634 -106.4497 -220.438
111.1969 -110.683 -59.3909
80.7843 -36.4648 7.9369
45.8752 -4.2564 12.4688
25.6372 3.6843 8.0948
15.0377 4.6294 4.7807
9.3462 3.9945 2.8586
6.1239 3.172 1.7719
4.1975 2.4715 1.1421
2.988 1.9291 0

1.7766 2.3983 0
2.3762 3.2399 -1.0594
3.272 4.5081 -1.6603
4.6653 6.4931 -2.74
6.9382 9.7317 -4.8161
10.8587 15.2333 -9.1423
18.0645 24.7876 -19.0212
32.203 40.3421 -43.6236
61.2907 54.3325 -105.4374
119.3294 5.3497 -210.5812
193.7817 -135.3329 -164.2488
175.2637 -91.5315 15.119
97.8754 -9.0342 41.7175
49.0703 11.1271 24.0794
25.8648 11.2771 12.2507
14.7489 8.4952 6.4429
9.0401 6.0911 3.6012
5.8834 4.3832 2.1367
4.0206 3.2116 1.3359
2.8591 2.4034 0

1.9599 2.1327 0
2.6526 2.847 0
3.7072 3.9033 -1.5119
5.3876 5.5172 -2.4672
8.2173 8.0652 -4.2747
13.3109 12.1877 -7.9617
23.2379 18.7682 -16.1292
44.3178 27.4771 -35.501
91.6187 26.0839 -79.4341
184.3763 -43.3956 -127.2699
256.2718 -147.9586 0
184.3763 -43.3956 127.2699
91.6187 26.0839 79.4341
44.3178 27.4771 35.501
23.2379 18.7682 16.1292
13.3109 12.1877 7.9617
8.2173 8.0652 4.2747
5.3876 5.5172 2.4672
3.7072 3.9033 1.5119
2.6526 2.847 0

2.1011 1.8363 0
2.8591 2.4034 0
4.0206 3.2116 -1.3359
5.8834 4.3832 -2.1367
9.0401 6.0911 -3.6012
14.7489 8.4952 -6.4429
25.8648 11.2771 -12.2507
49.0703 11.1271 -24.0794
97.8754 -9.0342 -41.7175
175.2637 -91.5315 -15.119
193.7817 -135.3329 164.2488
119.3294 5.3497 210.5812
61.2907 54.3325 105.4374
32.203 40.3421 43.6236
18.0645 24.7876 19.0212
10.8587 15.2333 9.1423
6.9382 9.7317 4.8161
4.6653 6.4931 2.74
3.272 4.5081 1.6603
2.3762 3.2399 1.0594

2.1955 1.5197 0
2.988 1.9291 0
4.1975 2.4715 -1.1421
6.1239 3.172 -1.7719
9.3462 3.9945 -2.8586
15.0377 4.6294 -4.7807
25.6372 3.6843 -8.0948
45.8752 -4.2564 -12.4688
80.7843 -36.4648 -7.9369
111.1969 -110.683 59.3909
75.1634 -106.4497 220.438
30.6853 28.7673 221.6497
21.8438 65.6231 110.5464
16.4703 46.6744 46.534
11.3915 28.3587 20.459
7.7344 17.2791 9.8483
5.3319 10.9473 5.1788
3.7714 7.2467 2.9371
2.7408 4.9946 1.7733
2.043 3.5658 1.1274

1.8184 2.0161 0
2.4063 2.7673 0
3.266 3.9225 -1.3396
4.5639 5.774 -2.2427
6.5904 8.8825 -4.0077
9.8567 14.356 -7.7528
15.2169 24.346 -16.4739
23.7673 42.1394 -38.6617
35.5202 65.3587 -96.1926
49.439 47.6394 -207.9692
81.5571 -72.8159 -239.1892
104.5122 -103.6731 -96.9776
75.8378 -45.4132 -15.1453
43.8815 -13.1238 1.6986
24.9616 -2.4273 3.058
14.8525 0 2.2541
9.3363 1.3383 1.4902
6.1731 1.3527 0
4.2625 1.1847 0
3.0527 0 0

1.9928 1.7532 0
2.6752 2.3839 0
3.7004 3.3437 -1.2007
5.3064 4.8646 -1.9952
7.9498 7.3868 -3.538
12.5624 11.7712 -6.795
21.1652 19.6647 -14.3689
38.3244 33.4536 -33.7591
73.8399 49.8713 -84.9
140.6954 23.0852 -183.2384
210.2655 -92.5732 -178.2204
178.9568 -82.0371 -28.8504
98.8654 -18.8855 15.7598
49.8623 1.7535 12.5525
26.5009 5.005 7.0224
15.2234 4.46 3.8659
9.3876 3.4365 2.2197
6.1397 2.5753 1.3406
4.2125 1.9369 0
3.0055 1.4763 0

2.1266 1.4589 0
2.8782 1.9474 0
4.0225 2.67 -1.0342
5.8459 3.774 -1.6877
8.9162 5.5169 -2.9241
14.4432 8.3369 -5.4461
25.2146 12.8382 -11.033
48.0877 18.7954 -24.2841
99.4122 17.8425 -54.3362
200.06 -29.6843 -87.0577
278.0712 -101.2096 0
200.06 -29.6843 87.0577
99.4122 17.8425 54.3362
48.0877 18.7954 24.2841
25.2146 12.8382 11.033
14.4432 8.3369 5.4461
8.9162 5.5169 2.9241
5.8459 3.774 1.6877
4.0225 2.67 1.0342
2.8782 1.9474 0

2.2147 1.1434 0
3.0055 1.4763 0
4.2125 1.9369 0
6.1397 2.5753 -1.3406
9.3876 3.4365 -2.2197
15.2234 4.46 -3.8659
26.5009 5.005 -7.0224
49.8623 1.7535 -12.5525
98.8654 -18.8855 -15.7598
178.9568 -82.0371 28.8504
210.2655 -92.5732 178.2204
140.6954 23.0852 183.2384
73.8399 49.8713 84.9
38.3244 33.4536 33.7591
21.1652 19.6647 14.3689
12.5624 11.7712 6.795
7.9498 7.3868 3.538
5.3064 4.8646 1.9952
3.7004 3.3437 1.2007
2.6752 2.3839 0

2.2544 0 0
3.0527 0 0
4.2625 1.1847 0
6.1731 1.3527 0
9.3363 1.3383 -1.4902
14.8525 0 -2.2541
24.9616 -2.4273 -3.058
43.8815 -13.1238 -1.6986
75.8378 -45.4132 15.1453
104.5122 -103.6731 96.9776
81.5571 -72.8159 239.1892
49.439 47.6394 207.9692
35.5202 65.3587 96.1926
23.7673 42.1394 38.6617
15.2169 24.346 16.4739
9.8567 14.356 7.7528
6.5904 8.8825 4.0077
4.5639 5.774 2.2427
3.266 3.9225 1.3396
2.4063 2.7673 0

2.0235 1.3472 0
2.6964 1.8848 0
3.692 2.7311 0
5.2177 4.126 -1.4802
7.6486 6.5479 -2.7149
11.6795 10.9968 -5.4217
18.58 19.5935 -11.9883
30.3422 36.324 -29.6145
48.1173 63.1083 -78.916
66.6905 65.064 -187.9697
85.4727 -36.9696 -250.6728
94.6519 -93.5131 -131.6178
68.5871 -52.9817 -37.7672
40.5545 -21.5924 -9.1231
23.5275 -8.4651 -2.0717
14.216 -3.388 0
9.0427 -1.3586 0
6.0347 0 0
4.1979 0 0
3.0246 0 0

2.1484 1.0549 0
2.8929 1.4556 0
4.0164 2.0777 0
5.7863 3.0883 -1.1899
8.7199 4.8176 -2.1524
13.8844 7.9515 -4.2412
23.6228 13.9444 -9.2799
43.2813 25.5486 -22.8689
84.1456 43.8949 -61.783
157.7866 40.1193 -150.3281
220.3604 -47.0006 -186.7768
177.2124 -70.0499 -71.9432
96.8514 -28.163 -10.6766
49.1393 -7.6735 0
26.3318 -1.4192 1.5807
15.2354 0 1.1715
9.4499 0 0
6.2093 0 0
4.2764 0 0
3.0606 0 0

2.2287 0 0
3.0164 0 0
4.2156 1.3556 0
6.1266 1.9161 0
9.3443 2.801 -1.4846
15.1366 4.2328 -2.7651
26.4251 6.5181 -5.6016
50.3964 9.5427 -12.3294
104.185 9.0589 -27.5872
209.665 -15.0711 -44.2004
291.4215 -51.3855 0
209.665 -15.0711 44.2004
104.185 9.0589 27.5872
50.3964 9.5427 12.3294
26.4251 6.5181 5.6016
15.1366 4.2328 2.7651
9.3443 2.801 1.4846
6.1266 1.9161 0
4.2156 1.3556 0
3.0164 0 0

2.2611 0 0
3.0606 0 0
4.2764 0 0
6.2093 0 0
9.4499 0 0
15.2354 0 -1.1715
26.3318 -1.4192 -1.5807
49.1393 -7.6735 0
96.8514 -28.163 10.6766
177.2124 -70.0499 71.9432
220.3604 -47.0006 186.7768
157.7866 40.1193 150.3281
84.1456 43.8949 61.783
43.2813 25.5486 22.8689
23.6228 13.9444 9.2799
13.8844 7.9515 4.2412
8.7199 4.8176 2.1524
5.7863 3.0883 1.1899
4.0164 2.0777 0
2.8929 1.4556 0

2.2449 0 0
3.0246 0 0
4.1979 0 0
6.0347 0 0
9.0427 -1.3586 0
14.216 -3.388 0
23.5275 -8.4651 2.0717
40.5545 -21.5924 9.1231
68.5871 -52.9817 37.7672
94.6519 -93.5131 131.6178
85.4727 -36.9696 250.6728
66.6905 65.064 187.9697
48.1173 63.1083 78.916
30.3422 36.324 29.6145
18.58 19.5935 11.9883
11.6795 10.9968 5.4217
7.6486 6.5479 2.7149
5.2177 4.126 1.4802
3.692 2.7311 0
2.6964 1.8848 0

2.1671 0 0
2.9047 0 0
4.0058 1.4568 0
5.713 2.3525 0
8.4744 4.0142 -1.3396
13.1475 7.3033 -2.9258
21.3785 14.2458 -7.1384
35.9952 29.4049 -19.6676
59.2523 58.9405 -59.2416
81.9157 80.5117 -162.2588
86.7912 0 -254.5398
81.9157 -80.5117 -162.2588
59.2523 -58.9405 -59.2416
35.9952 -29.4049 -19.6676
21.3785 -14.2458 -7.1384
13.1475 -7.3033 -2.9258
8.4744 -4.0142 -1.3396
5.713 -2.3525 0
4.0058 -1.4568 0
2.9047 0 0

2.2388 0 0
3.0226 0 0
4.2104 0 0
6.0903 1.2181 0
9.225 2.1019 0
14.7845 3.8902 -1.5585
25.3626 7.8003 -3.909
46.9232 16.8673 -11.2838
91.8946 36.5848 -36.7887
170.0834 55.9344 -112.8501
223.7598 0 -189.6581
170.0834 -55.9344 -112.8501
91.8946 -36.5848 -36.7887
46.9232 -16.8673 -11.2838
25.3626 -7.8003 -3.909
14.7845 -3.8902 -1.5585
9.225 -2.1019 0
6.0903 -1.2181 0
4.2104 0 0
3.0226 0 0

2.2631 0 0
3.0629 0 0
4.2807 0 0
6.2211 0 0
9.4885 0 0
15.3701 0 0
26.8328 0 0
51.1738 0 0
105.7922 0 0
212.8994 0 0
295.9172 0 0
212.8994 0 0
105.7922 0 0
51.1738 0 0
26.8328 0 0
15.3701 0 0
9.4885 0 0
6.2211 0 0
4.2807 0 0
3.0629 0 0

2.2388 0 0
3.0226 0 0
4.2104 0 0
6.0903 -1.2181 0
9.225 -2.1019 0
14.7845 -3.8902 1.5585
25.3626 -7.8003 3.909
46.9232 -16.8673 11.2838
91.8946 -36.5848 36.7887
170.0834 -55.9344 112.8501
223.7598 0 189.6581
170.0834 55.9344 112.8501
91.8946 36.5848 36.7887
46.9232 16.8673 11.2838
25.3626 7.8003 3.909
14.7845 3.8902 1.5585
9.225 2.1019 0
6.0903 1.2181 0
4.2104 0 0
3.0226 0 0

2.1671 0 0
2.9047 0 0
4.0058 -1.4568 0
5.713 -2.3525 0
8.4744 -4.0142 1.3396
13.1475 -7.3033 2.9258
21.3785 -14.2458 7.1384
35.9952 -29.4049 19.6676
59.2523 -58.9405 59.2416
81.9157 -80.5117 162.2588
86.7912 0 254.5398
81.9157 80.5117 162.2588
59.2523 58.9405 59.2416
35.9952 29.4049 19.6676
21.3785 14.2458 7.1384
13.1475 7.3033 2.9258
8.4744 4.0142 1.3396
5.713 2.3525 0
4.0058 1.4568 0
2.9047 0 0

2.2449 0 0
3.0246 0 0
4.1979 0 0
6.0347 0 0
9.0427 1.3586 0
14.216 3.388 0
23.5275 8.4651 -2.0717
40.5545 21.5924 -9.1231
68.5871 52.9817 -37.7672
94.6519 93.5131 -131.6178
85.4727 36.9696 -250.6728
66.6905 -65.064 -187.9697
48.1173 -63.1083 -78.916
30.3422 -36.324 -29.6145
18.58 -19.5935 -11.9883
11.6795 -10.9968 -5.4217
7.6486 -6.5479 -2.7149
5.2177 -4.126 -1.4802
3.692 -2.7311 0
2.6964 -1.8848 0

2.2611 0 0
3.0606 0 0
4.2764 0 0
6.2093 0 0
9.4499 0 0
15.2354 0 1.1715
26.3318 1.4192 1.5807
49.1393 7.6735 0
96.8514 28.163 -10.6766
177.2124 70.0499 -71.9432
220.3604 47.0006 -186.7768
157.7866 -40.1193 -150.3281
84.1456 -43.8949 -61.783
43.2813 -25.5486 -22.8689
23.6228 -13.9444 -9.2799
13.8844 -7.9515 -4.2412
8.7199 -4.8176 -2.1524
5.7863 -3.0883 -1.1899
4.0164 -2.0777 0
2.8929 -1.4556 0

2.2287 0 0
3.0164 0 0
4.2156 -1.3556 0
6.1266 -1.9161 0
9.3443 -2.801 1.4846
15.1366 -4.2328 2.7651
26.4251 -6.5181 5.6016
50.3964 -9.5427 12.3294
104.185 -9.0589 27.5872
209.665 15.0711 44.2004
291.4215 51.3855 0
209.665 15.0711 -44.2004
104.185 -9.0589 -27.5872
50.3964 -9.5427 -12.3294
26.4251 -6.5181 -5.6016
15.1366 -4.2328 -2.7651
9.3443 -2.801 -1.4846
6.1266 -1.9161 0
4.2156 -1.3556 0
3.0164 0 0

2.1484 -1.0549 0
2.8929 -1.4556 0
4.0164 -2.0777 0
5.7863 -3.0883 1.1899
8.7199 -4.8176 2.1524
13.8844 -7.9515 4.2412
23.6228 -13.9444 9.2799
43.2813 -25.5486 22.8689
84.1456 -43.8949 61.783
157.7866 -40.1193 150.3281
220.3604 47.0006 186.7768
177.2124 70.0499 71.9432
96.8514 28.163 10.6766
49.1393 7.6735 0
26.3318 1.4192 -1.5807
15.2354 0 -1.1715
9.4499 0 0
6.2093 0 0
4.2764 0 0
3.0606 0 0

2.0235 -1.3472 0
2.6964 -1.8848 0
3.692 -2.7311 0
5.2177 -4.126 1.4802
7.6486 -6.5479 2.7149
11.6795 -10.9968 5.4217
18.58 -19.5935 11.9883
30.3422 -36.324 29.6145
48.1173 -63.1083 78.916
66.6905 -65.064 187.9697
85.4727 36.9696 250.6728
94.6519 93.5131 131.6178
68.5871 52.9817 37.7672
40.5545 21.5924 9.1231
23.5275 8.4651 2.0717
14.216 3.388 0
9.0427 1.3586 0
6.0347 0 0
4.1979 0 0
3.0246 0 0

2.2544 0 0
3.0527 0 0
4.2625 -1.1847 0
6.1731 -1.3527 0
9.3363 -1.3383 1.4902
14.8525 0 2.2541
24.9616 2.4273 3.058
43.8815 13.1238 1.6986
75.8378 45.4132 -15.1453
104.5122 103.6731 -96.9776
81.5571 72.8159 -239.1892
49.439 -47.6394 -207.9692
35.5202 -65.3587 -96.1926
23.7673 -42.1394 -38.6617
15.2169 -24.346 -16.4739
9.8567 -14.356 -7.7528
6.5904 -8.8825 -4.0077
4.5639 -5.774 -2.2427
3.266 -3.9225 -1.3396
2.4063 -2.7673 0

2.2147 -1.1434 0
3.0055 -1.4763 0
4.2125 -1.9369 0
6.1397 -2.5753 1.3406
9.3876 -3.4365 2.2197
15.2234 -4.46 3.8659
26.5009 -5.005 7.0224
49.8623 -1.7535 12.5525
98.8654 18.8855 15.7598
178.9568 82.0371 -28.8504
210.2655 92.5732 -178.2204
140.6954 -23.0852 -183.2384
73.8399 -49.8713 -84.9
38.3244 -33.4536 -33.7591
21.1652 -19.6647 -14.3689
12.5624 -11.7712 -6.795
7.9498 -7.3868 -3.538
5.3064 -4.8646 -1.9952
3.7004 -3.3437 -1.2007
2.6752 -2.3839 0

2.1266 -1.4589 0
2.8782 -1.9474 0
4.0225 -2.67 1.0342
5.8459 -3.774 1.6877
8.9162 -5.5169 2.9241
14.4432 -8.3369 5.4461
25.2146 -12.8382 11.033
48.0877 -18.7954 24.2841
99.4122 -17.8425 54.3362
200.06 29.6843 87.0577
278.0712 101.2096 0
200.06 29.6843 -87.0577
99.4122 -17.8425 -54.3362
48.0877 -18.7954 -24.2841
25.2146 -12.8382 -11.033
14.4432 -8.3369 -5.4461
8.9162 -5.5169 -2.9241
5.8459 -3.774 -1.6877
4.0225 -2.67 -1.0342
2.8782 -1.9474 0

1.9928 -1.7532 0
2.6752 -2.3839 0
3.7004 -3.3437 1.2007
5.3064 -4.8646 1.9952
7.9498 -7.3868 3.538
12.5624 -11.7712 6.795
21.1652 -19.6647 14.3689
38.3244 -33.4536 33.7591
73.8399 -49.8713 84.9
140.6954 -23.0852 183.2384
210.2655 92.5732 178.2204
178.9568 82.0371 28.8504
98.8654 18.8855 -15.7598
49.8623 -1.7535 -12.5525
26.5009 -5.005 -7.0224
15.2234 -4.46 -3.8659
9.3876 -3.4365 -2.2197
6.1397 -2.5753 -1.3406
4.2125 -1.9369 0
3.0055 -1.4763 0

1.8184 -2.0161 0
2.4063 -2.7673 0
3.266 -3.9225 1.3396
4.5639 -5.774 2.2427
6.5904 -8.8825 4.0077
9.8567 -14.356 7.7528
15.2169 -24.346 16.4739
23.7673 -42.1394 38.6617
35.5202 -65.3587 96.1926
49.439 -47.6394 207.9692
81.5571 72.8159 239.1892
104.5122 103.6731 96.9776
75.8378 45.4132 15.1453
43.8815 13.1238 -1.6986
24.9616 2.4273 -3.058
14.8525 0 -2.2541
9.3363 -1.3383 -1.4902
6.1731 -1.3527 0
4.2625 -1.1847 0
3.0527 0 0

2.1955 -1.5197 0
2.988 -1.9291 0
4.1975 -2.4715 1.1421
6.1239 -3.172 1.7719
9.3462 -3.9945 2.8586
15.0377 -4.6294 4.7807
25.6372 -3.6843 8.0948
45.8752 4.2564 12.4688
80.7843 36.4648 7.9369
111.1969 110.683 -59.3909
75.1634 106.4497 -220.438
30.6853 -28.7673 -221.6497
21.8438 -65.6231 -110.5464
16.4703 -46.6744 -46.534
11.3915 -28.3587 -20.459
7.7344 -17.2791 -9.8483
5.3319 -10.9473 -5.1788
3.7714 -7.2467 -2.9371
2.7408 -4.9946 -1.7733
2.043 -3.5658 -1.1274

2.1011 -1.8363 0
2.8591 -2.4034 0
4.0206 -3.2116 1.3359
5.8834 -4.3832 2.1367
9.0401 -6.0911 3.6012
14.7489 -8.4952 6.4429
25.8648 -11.2771 12.2507
49.0703 -11.1271 24.0794
97.8754 9.0342 41.7175
175.2637 91.5315 15.119
193.7817 135.3329 -164.2488
119.3294 -5.3497 -210.5812
61.2907 -54.3325 -105.4374
32.203 -40.3421 -43.6236
18.0645 -24.7876 -19.0212
10.8587 -15.2333 -9.1423
6.9382 -9.7317 -4.8161
4.6653 -6.4931 -2.74
3.272 -4.5081 -1.6603
2.3762 -3.2399 -1.0594

1.9599 -2.1327 0
2.6526 -2.847 0
3.7072 -3.9033 1.5119
5.3876 -5.5172 2.4672
8.2173 -8.0652 4.2747
13.3109 -12.1877 7.9617
23.2379 -18.7682 16.1292
44.3178 -27.4771 35.501
91.6187 -26.0839 79.4341
184.3763 43.3956 127.2699
256.2718 147.9586 0
184.3763 43.3956 -127.2699
91.6187 -26.0839 -79.4341
44.3178 -27.4771 -35.501
23.2379 -18.7682 -16.1292
13.3109 -12.1877 -7.9617
8.2173 -8.0652 -4.2747
5.3876 -5.5172 -2.4672
3.7072 -3.9033 -1.5119
2.6526 -2.847 0

1.7766 -2.3983 0
2.3762 -3.2399 1.0594
3.272 -4.5081 1.6603
4.6653 -6.4931 2.74
6.9382 -9.7317 4.8161
10.8587 -15.2333 9.1423
18.0645 -24.7876 19.0212
32.203 -40.3421 43.6236
61.2907 -54.3325 105.4374
119.3294 -5.3497 210.5812
193.7817 135.3329 164.2488
175.2637 91.5315 -15.119
97.8754 9.0342 -41.7175
49.0703 -11.1271 -24.0794
25.8648 -11.2771 -12.2507
14.7489 -8.4952 -6.4429
9.0401 -6.0911 -3.6012
5.8834 -4.3832 -2.1367
4.0206 -3.2116 -1.3359
2.8591 -2.4034 0

1.5581 -2.6237 0
2.043 -3.5658 1.1274
2.7408 -4.9946 1.7733
3.7714 -7.2467 2.9371
5.3319 -10.9473 5.1788
7.7344 -17.2791 9.8483
11.3915 -28.3587 20.459
16.4703 -46.6744 46.534
21.8438 -65.6231 110.5464
30.6853 -28.7673 221.6497
75.1634 106.4497 220.438
111.1969 110.683 59.3909
80.7843 36.4648 -7.9369
45.8752 4.2564 -12.4688
25.6372 -3.6843 -8.0948
15.0377 -4.6294 -4.7807
9.3462 -3.9945 -2.8586
6.1239 -3.172 -1.7719
4.1975 -2.4715 -1.1421
2.988 -1.9291 0

2.0698 -2.175 0
2.8325 -2.8082 1.0545
4.005 -3.6832 1.5948
5.8886 -4.8948 2.5116
9.0721 -6.5294 4.1402
14.7661 -8.4878 7.1621
25.5339 -9.684 12.8857
46.475 -4.7402 22.86
83.2761 26.4084 30.7778
114.503 114.3299 -19.9995
66.4859 136.8491 -194.9888
10.9992 -9.0211 -228.5954
7.5037 -63.8937 -121.5413
8.6728 -49.7912 -52.9925
7.2199 -31.5098 -23.8224
5.3771 -19.6772 -11.6446
3.9115 -12.6795 -6.1925
2.8642 -8.4991 -3.5423
2.1323 -5.915 -2.1532
1.6177 -4.2559 -1.3764

1.9236 -2.4733 0
2.6259 -3.2575 1.1601
3.7065 -4.3887 1.7825
5.4485 -6.058 2.8678
8.4179 -8.5605 4.8732
13.8262 -12.2723 8.8241
24.4428 -17.2066 17.1067
46.7873 -20.1627 34.8747
93.9116 -1.0916 66.4075
166.2454 98.2448 58.6291
171.41 173.9806 -145.2866
94.3375 12.5484 -231.5255
46.8791 -57.1427 -122.7711
25.1032 -46.0048 -52.1626
14.415 -29.1573 -23.0957
8.825 -18.2324 -11.2119
5.7157 -11.7808 -5.9478
3.8825 -7.9243 -3.4015
2.7442 -5.5355 -2.0694
2.005 -3.9974 -1.3246

1.7337 -2.7418 0
2.3463 -3.66 1.2515
3.2792 -5.018 1.9437
4.7656 -7.0928 3.1718
7.2686 -10.3684 5.4955
11.7742 -15.6682 10.2354
20.5551 -24.1279 20.7353
39.2014 -35.3239 45.6392
81.0415 -33.5329 102.1186
163.0904 55.7883 163.615
226.6857 190.2119 0
163.0904 55.7883 -163.615
81.0415 -33.5329 -102.1186
39.2014 -35.3239 -45.6392
20.5551 -24.1279 -20.7353
11.7742 -15.6682 -10.2354
7.2686 -10.3684 -5.4955
4.7656 -7.0928 -3.1718
3.2792 -5.018 -1.9437
2.3463 -3.66 -1.2515

1.5064 -2.9705 0
2.005 -3.9974 1.3246
2.7442 -5.5355 2.0694
3.8825 -7.9243 3.4015
5.7157 -11.7808 5.9478
8.825 -18.2324 11.2119
14.415 -29.1573 23.0957
25.1032 -46.0048 52.1626
46.8791 -57.1427 122.7711
94.3375 12.5484 231.5255
171.41 173.9806 145.2866
166.2454 98.2448 -58.6291
93.9116 -1.0916 -66.4075
46.7873 -20.1627 -34.8747
24.4428 -17.2066 -17.1067
13.8262 -12.2723 -8.8241
8.4179 -8.5605 -4.8732
5.4485 -6.058 -2.8678
3.7065 -4.3887 -1.7825
2.6259 -3.2575 -1.1601

1.2504 -3.1516 0
1.6177 -4.2559 1.3764
2.1323 -5.915 2.1532
2.8642 -8.4991 3.5423
3.9115 -12.6795 6.1925
5.3771 -19.6772 11.6446
7.2199 -31.5098 23.8224
8.6728 -49.7912 52.9925
7.5037 -63.8937 121.5413
10.9992 -9.0211 228.5954
66.4859 136.8491 194.9888
114.503 114.3299 19.9995
83.2761 26.4084 -30.7778
46.475 -4.7402 -22.86
25.5339 -9.684 -12.8857
14.7661 -8.4878 -7.1621
9.0721 -6.5294 -4.1402
5.8886 -4.8948 -2.5116
4.005 -3.6832 -1.5948
2.8325 -2.8082 -1.0545

1.8813 -2.7643 0
2.591 -3.6019 1.3135
3.6908 -4.783 1.9991
5.4744 -6.4689 3.1749
8.5223 -8.8658 5.296
14.0457 -12.0884 9.3258
24.6547 -15.3894 17.285
45.6627 -13.5929 32.5567
83.2377 15.5496 52.6836
114.3299 114.503 19.9995
55.7883 163.0904 -163.615
-9.0211 10.9992 -228.5954
-7.0644 -60.2228 -128.8432
0 -51.3951 -57.8409
2.829 -33.7034 -26.462
2.8564 -21.4774 -13.0871
2.3722 -14.0264 -7.0181
1.8701 -9.4933 -4.0398
1.459 -6.6557 -2.4676
1.1432 -4.8167 -1.5836

1.6876 -3.0353 0
2.3129 -4.0126 1.4116
3.2798 -5.4325 2.1749
4.8479 -7.5488 3.5118
7.5399 -10.7698 5.9971
12.4834 -15.6765 10.9372
22.2781 -22.6132 21.443
43.0827 -28.5856 44.6104
87.0942 -11.1842 89.0798
152.1757 101.973 100.3577
143.8301 207.3421 -121.9099
66.4793 30.0652 -245.435
31.0432 -58.2167 -136.3745
17.2406 -50.2698 -59.1166
10.3274 -32.6411 -26.4683
6.5232 -20.6776 -12.9408
4.3196 -13.472 -6.8988
2.9817 -9.1147 -3.9597
2.1329 -6.3948 -2.4156
1.573 -4.6335 -1.5496

1.4547 -3.2675 1.0007
1.9688 -4.3618 1.4915
2.7515 -5.9802 2.3164
3.9988 -8.4528 3.78
6.0991 -12.3566 6.5492
9.8797 -18.6727 12.198
17.2478 -28.7545 24.7114
32.8939 -42.0973 54.3907
68.0019 -39.9629 121.7002
136.8491 66.4859 194.9888
190.2119 226.6857 0
136.8491 66.4859 -194.9888
68.0019 -39.9629 -121.7002
32.8939 -42.0973 -54.3907
17.2478 -28.7545 -24.7114
9.8797 -18.6727 -12.198
6.0991 -12.3566 -6.5492
3.9988 -8.4528 -3.78
2.7515 -5.9802 -2.3164
1.9688 -4.3618 -1.4915

1.1905 -3.4524 1.0364
1.573 -4.6335 1.5496
2.1329 -6.3948 2.4156
2.9817 -9.1147 3.9597
4.3196 -13.472 6.8988
6.5232 -20.6776 12.9408
10.3274 -32.6411 26.4683
17.2406 -50.2698 59.1166
31.0432 -58.2167 136.3745
66.4793 30.0652 245.435
143.8301 207.3421 121.9099
152.1757 101.973 -100.3577
87.0942 -11.1842 -89.0798
43.0827 -28.5856 -44.6104
22.2781 -22.6132 -21.443
12.4834 -15.6765 -10.9372
7.5399 -10.7698 -5.9971
4.8479 -7.5488 -3.5118
3.2798 -5.4325 -2.1749
2.3129 -4.0126 -1.4116

0 -3.5837 1.059
1.1432 -4.8167 1.5836
1.459 -6.6557 2.4676
1.8701 -9.4933 4.0398
2.3722 -14.0264 7.0181
2.8564 -21.4774 13.0871
2.829 -33.7034 26.462
0 -51.3951 57.8409
-7.0644 -60.2228 128.8432
-9.0211 10.9992 228.5954
55.7883 163.0904 163.615
114.3299 114.503 -19.9995
83.2377 15.5496 -52.6836
45.6627 -13.5929 -32.5567
24.6547 -15.3894 -17.285
14.0457 -12.0884 -9.3258
8.5223 -8.8658 -5.296
5.4744 -6.4689 -3.1749
3.6908 -4.783 -1.9991
2.591 -3.6019 -1.3135

1.6356 -3.2696 1.0408
2.2707 -4.2862 1.5325
3.2645 -5.7374 2.3426
4.8939 -7.8465 3.7418
7.7136 -10.9329 6.2908
12.8986 -15.3217 11.2062
23.0264 -20.6272 21.1591
43.463 -22.0325 41.2641
80.6701 4.2183 72.9887
110.683 111.1969 59.3909
43.3956 184.3763 -127.2699
-28.7673 30.6853 -221.6497
-21.4178 -54.7221 -132.2303
-7.4678 -51.4375 -60.9317
-1.6479 -34.873 -28.2975
0 -22.625 -14.132
0 -14.9471 -7.6304
0 -10.199 -4.4145
0 -7.1942 -2.7071
0 -5.2312 -1.7426

1.4004 -3.505 1.092
1.9295 -4.6458 1.6201
2.7534 -6.3112 2.5012
4.1001 -8.8101 4.0492
6.4328 -12.6519 6.9388
10.7613 -18.6044 12.7179
19.4366 -27.3328 25.1278
38.0691 -36.14 52.9906
77.6306 -20.9371 109.0455
133.4823 102.6028 139.0371
111.8799 234.4035 -94.8291
36.6011 46.6684 -251.8872
14.264 -57.5218 -145.8342
8.8541 -53.0073 -64.2744
5.9261 -35.1331 -29.0368
4.0232 -22.4946 -14.2765
2.7922 -14.7538 -7.6402
1.9902 -10.0282 -4.3975
1.4569 -7.0597 -2.6884
1.0931 -5.1287 -1.7275

1.1316 -3.694 1.1313
1.5315 -4.9311 1.6862
2.1403 -6.7607 2.6187
3.1106 -9.5561 4.2733
4.7442 -13.9693 7.404
7.6851 -21.1098 13.7901
13.4164 -32.5074 27.9366
25.5869 -47.5917 61.4896
52.8961 -45.1787 137.584
106.4497 75.1634 220.438
147.9586 256.2718 0
106.4497 75.1634 -220.438
52.8961 -45.1787 -137.584
25.5869 -47.5917 -61.4896
13.4164 -32.5074 -27.9366
7.6851 -21.1098 -13.7901
4.7442 -13.9693 -7.404
3.1106 -9.5561 -4.2733
2.1403 -6.7607 -2.6187
1.5315 -4.9311 -1.6862

0 -3.8294 1.157
1.0931 -5.1287 1.7275
1.4569 -7.0597 2.6884
1.9902 -10.0282 4.3975
2.7922 -14.7538 7.6402
4.0232 -22.4946 14.2765
5.9261 -35.1331 29.0368
8.8541 -53.0073 64.2744
14.264 -57.5218 145.8342
36.6011 46.6684 251.8872
111.8799 234.4035 94.8291
133.4823 102.6028 -139.0371
77.6306 -20.9371 -109.0455
38.0691 -36.14 -52.9906
19.4366 -27.3328 -25.1278
10.7613 -18.6044 -12.7179
6.4328 -12.6519 -6.9388
4.1001 -8.8101 -4.0492
2.7534 -6.3112 -2.5012
1.9295 -4.6458 -1.6201

0 -3.907 1.1683
0 -5.2312 1.7426
0 -7.1942 2.7071
0 -10.199 4.4145
0 -14.9471 7.6304
0 -22.625 14.132
-1.6479 -34.873 28.2975
-7.4678 -51.4375 60.9317
-21.4178 -54.7221 132.2303
-28.7673 30.6853 221.6497
43.3956 184.3763 127.2699
110.683 111.1969 -59.3909
80.6701 4.2183 -72.9887
43.463 -22.0325 -41.2641
23.0264 -20.6272 -21.1591
12.8986 -15.3217 -11.2062
7.7136 -10.9329 -6.2908
4.8939 -7.8465 -3.7418
3.2645 -5.7374 -2.3426
2.2707 -4.2862 -1.5325

1.3402 -3.6755 1.1549
1.8814 -4.8403 1.705
2.739 -6.5176 2.615
4.1646 -8.9857 4.195
6.6706 -12.6678 7.0945
11.3596 -18.0894 12.7461
20.6985 -25.2383 24.3903
39.9427 -29.8027 48.7178
75.6514 -7.2411 91.076
103.6731 104.5122 96.9776
29.6843 200.06 -87.0577
-47.6394 49.439 -207.9692
-35.1204 -47.5588 -131.5996
-15.3205 -49.9169 -62.1712
-6.0747 -34.983 -29.2733
-2.3662 -23.0852 -14.7475
0 -15.4137 -8.0109
0 -10.5949 -4.6551
0 -7.5141 -2.8643
0 -5.4867 -1.8487

1.0706 -3.8682 1.198
1.4876 -5.1378 1.7795
2.1434 -6.9981 2.7515
3.2277 -9.8038 4.4634
5.1303 -14.1496 7.6697
8.7122 -20.9669 14.1123
16.0044 -31.2219 28.049
31.8987 -42.5963 59.7607
65.8082 -30.0537 125.6978
110.7331 100.1151 173.4918
76.5304 254.3427 -64.8669
5.6108 61.8537 -250.6858
-2.9486 -55.0792 -150.8628
0 -54.1342 -67.4793
1.3446 -36.5576 -30.7229
1.401 -23.628 -15.1784
1.18 -15.5874 -8.1495
0 -10.637 -4.7017
0 -7.5101 -2.8796
0 -5.4682 -1.8529

0 -4.0082 1.2275
1.0476 -5.3506 1.8296
1.4641 -7.3358 2.8415
2.1277 -10.3689 4.6368
3.2452 -15.1576 8.0338
5.2569 -22.9054 14.9631
9.1774 -35.2726 30.313
17.5025 -51.64 66.7201
36.1831 -49.0217 149.2873
72.8159 81.5571 239.1892
101.2096 278.0712 0
72.8159 81.5571 -239.1892
36.1831 -49.0217 -149.2873
17.5025 -51.64 -66.7201
9.1774 -35.2726 -30.313
5.2569 -22.9054 -14.9631
3.2452 -15.1576 -8.0338
2.1277 -10.3689 -4.6368
1.4641 -7.3358 -2.8415
1.0476 -5.3506 -1.8296

0 -4.0901 1.2424
0 -5.4682 1.8529
0 -7.5101 2.8796
0 -10.637 4.7017
1.18 -15.5874 8.1495
1.401 -23.628 15.1784
1.3446 -36.5576 30.7229
0 -54.1342 67.4793
-2.9486 -55.0792 150.8628
5.6108 61.8537 250.6858
76.5304 254.3427 64.8669
110.7331 100.1151 -173.4918
65.8082 -30.0537 -125.6978
31.8987 -42.5963 -59.7607
16.0044 -31.2219 -28.049
8.7122 -20.9669 -14.1123
5.1303 -14.1496 -7.6697
3.2277 -9.8038 -4.4634
2.1434 -6.9981 -2.7515
1.4876 -5.1378 -1.7795

0 -4.1115 1.2421
0 -5.4867 1.8487
0 -7.5141 2.8643
0 -10.5949 4.6551
0 -15.4137 8.0109
-2.3662 -23.0852 14.7475
-6.0747 -34.983 29.2733
-15.3205 -49.9169 62.1712
-35.1204 -47.5588 131.5996
-47.6394 49.439 207.9692
29.6843 200.06 87.0577
103.6731 104.5122 -96.9776
75.6514 -7.2411 -91.076
39.9427 -29.8027 -48.7178
20.6985 -25.2383 -24.3903
11.3596 -18.0894 -12.7461
6.6706 -12.6678 -7.0945
4.1646 -8.9857 -4.195
2.739 -6.5176 -2.615
1.8814 -4.8403 -1.705

1.0041 -3.9697 1.2339
1.435 -5.2473 1.8257
2.1302 -7.0997 2.8079
3.3088 -9.8518 4.5207
5.4248 -14.0178 7.6827
9.4754 -20.3075 13.8987
17.7417 -29.0825 26.8804
35.2087 -36.6674 54.6912
68.3341 -18.4805 106.396
93.5131 94.6519 131.6178
15.0711 209.665 -44.2004
-65.064 66.6905 -187.9697
-47.756 -38.9503 -126.9704
-22.7077 -46.8796 -61.5217
-10.317 -34.03 -29.3596
-4.9093 -22.8439 -14.9148
-2.4817 -15.4119 -8.1479
-1.3247 -10.6688 -4.7543
0 -7.6056 -2.9344
0 -5.5755 -1.8987

0 -4.1139 1.2675
1.0005 -5.4737 1.8848
1.4683 -7.4724 2.9182
2.2572 -10.4996 4.7421
3.6719 -15.2174 8.1675
6.3984 -22.6925 15.0778
12.086 -34.1623 30.118
24.7591 -47.7583 64.715
51.9863 -38.2572 138.5309
84.6193 94.5854 202.6751
38.8555 266.5538 -32.9338
-25.55 75.1596 -241.8675
-20.0716 -50.9629 -151.3075
-8.4629 -53.6162 -68.6339
-3.2776 -36.8713 -31.4756
-1.2638 -24.0435 -15.6191
0 -15.9473 -8.4112
0 -10.9226 -4.8631
0 -7.7324 -2.9832
0 -5.6415 -1.9221

0 -4.2007 1.2864
0 -5.6074 1.9174
0 -7.688 2.9779
1.0803 -10.8668 4.8594
1.6477 -15.8853 8.4195
2.669 -24.0051 15.6815
4.6595 -36.966 31.7684
8.8862 -54.1193 69.9234
18.3706 -51.3753 156.4547
36.9696 85.4727 250.6728
51.3855 291.4215 0
36.9696 85.4727 -250.6728
18.3706 -51.3753 -156.4547
8.8862 -54.1193 -69.9234
4.6595 -36.966 -31.7684
2.669 -24.0051 -15.6815
1.6477 -15.8853 -8.4195
1.0803 -10.8668 -4.8594
0 -7.688 -2.9779
0 -5.6074 -1.9174

0 -4.2265 1.29
0 -5.6415 1.9221
0 -7.7324 2.9832
0 -10.9226 4.8631
0 -15.9473 8.4112
-1.2638 -24.0435 15.6191
-3.2776 -36.8713 31.4756
-8.4629 -53.6162 68.6339
-20.0716 -50.9629 151.3075
-25.55 75.1596 241.8675
38.8555 266.5538 32.9338
84.6193 94.5854 -202.6751
51.9863 -38.2572 -138.5309
24.7591 -47.7583 -64.715
12.086 -34.1623 -30.118
6.3984 -22.6925 -15.0778
3.6719 -15.2174 -8.1675
2.2572 -10.4996 -4.7421
1.4683 -7.4724 -2.9182
1.0005 -5.4737 -1.8848

0 -4.1911 1.2782
0 -5.5755 1.8987
0 -7.6056 2.9344
-1.3247 -10.6688 4.7543
-2.4817 -15.4119 8.1479
-4.9093 -22.8439 14.9148
-10.317 -34.03 29.3596
-22.7077 -46.8796 61.5217
-47.756 -38.9503 126.9704
-65.064 66.6905 187.9697
15.0711 209.665 44.2004
93.5131 94.6519 -131.6178
68.3341 -18.4805 -106.396
35.2087 -36.6674 -54.6912
17.7417 -29.0825 -26.8804
9.4754 -20.3075 -13.8987
5.4248 -14.0178 -7.6827
3.3088 -9.8518 -4.5207
2.1302 -7.0997 -2.8079
1.435 -5.2473 -1.8257

