0 -4.2655 1.3063
0 -5.6939 1.947
0 -7.8066 3.0238
0 -11.0344 4.9344
0 -16.1304 8.5494
0 -24.3755 15.9234
0 -37.5363 32.2584
0 -54.9542 71.002
0 -52.1679 158.8683
0 86.7912 254.5398
0 295.9172 0
0 86.7912 -254.5398
0 -52.1679 -158.8683
0 -54.9542 -71.002
0 -37.5363 -32.2584
0 -24.3755 -15.9234
0 -16.1304 -8.5494
0 -11.0344 -4.9344
0 -7.8066 -3.0238
0 -5.6939 -1.947

0 -4.0082 1.2275
-1.0476 -5.3506 1.8296
-1.4641 -7.3358 2.8415
-2.1277 -10.3689 4.6368
-3.2452 -15.1576 8.0338
-5.2569 -22.9054 14.9631
-9.1774 -35.2726 30.313
-17.5025 -51.64 66.7201
-36.1831 -49.0217 149.2873
-72.8159 81.5571 239.1892
-101.2096 278.0712 0
-72.8159 81.5571 -239.1892
-36.1831 -49.0217 -149.2873
-17.5025 -51.64 -66.7201
-9.1774 -35.2726 -30.313
-5.2569 -22.9054 -14.9631
-3.2452 -15.1576 -8.0338
-2.1277 -10.3689 -4.6368
-1.4641 -7.3358 -2.8415
-1.0476 -5.3506 -1.8296

-1.4547 -3.2675 1.0007
-1.9688 -4.3618 1.4915
-2.7515 -5.9802 2.3164
-3.9988 -8.4528 3.78
-6.0991 -12.3566 6.5492
-9.8797 -18.6727 12.198
-17.2478 -28.7545 24.7114
-32.8939 -42.0973 54.3907
-68.0019 -39.9629 121.7002
-136.8491 66.4859 194.9888
-190.2119 226.6857 0
-136.8491 66.4859 -194.9888
-68.0019 -39.9629 -121.7002
-32.8939 -42.0973 -54.3907
-17.2478 -28.7545 -24.7114
-9.8797 -18.6727 -12.198
-6.0991 -12.3566 -6.5492
-3.9988 -8.4528 -3.78
-2.7515 -5.9802 -2.3164
-1.9688 -4.3618 -1.4915

-1.9599 -2.1327 0
-2.6526 -2.847 0
-3.7072 -3.9033 1.5119
-5.3876 -5.5172 2.4672
-8.2173 -8.0652 4.2747
-13.3109 -12.1877 7.9617
-23.2379 -18.7682 16.1292
-44.3178 -27.4771 35.501
-91.6187 -26.0839 79.4341
-184.3763 43.3956 127.2699
-256.2718 147.9586 0
-184.3763 43.3956 -127.2699
-91.6187 -26.0839 -79.4341
-44.3178 -27.4771 -35.501
-23.2379 -18.7682 -16.1292
-13.3109 -12.1877 -7.9617
-8.2173 -8.0652 -4.2747
-5.3876 -5.5172 -2.4672
-3.7072 -3.9033 -1.5119
-2.6526 -2.847 0

-2.2287 0 0
-3.0164 0 0
-4.2156 -1.3556 0
-6.1266 -1.9161 0
-9.3443 -2.801 1.4846
-15.1366 -4.2328 2.7651
-26.4251 -6.5181 5.6016
-50.3964 -9.5427 12.3294
-104.185 -9.0589 27.5872
-209.665 15.0711 44.2004
-291.4215 51.3855 0
-209.665 15.0711 -44.2004
-104.185 -9.0589 -27.5872
-50.3964 -9.5427 -12.3294
-26.4251 -6.5181 -5.6016
-15.1366 -4.2328 -2.7651
-9.3443 -2.801 -1.4846
-6.1266 -1.9161 0
-4.2156 -1.3556 0
-3.0164 0 0

-2.2287 0 0
-3.0164 0 0
-4.2156 1.3556 0
-6.1266 1.9161 0
-9.3443 2.801 -1.4846
-15.1366 4.2328 -2.7651
-26.4251 6.5181 -5.6016
-50.3964 9.5427 -12.3294
-104.185 9.0589 -27.5872
-209.665 -15.0711 -44.2004
-291.4215 -51.3855 0
-209.665 -15.0711 44.2004
-104.185 9.0589 27.5872
-50.3964 9.5427 12.3294
-26.4251 6.5181 5.6016
-15.1366 4.2328 2.7651
-9.3443 2.801 1.4846
-6.1266 1.9161 0
-4.2156 1.3556 0
-3.0164 0 0

-1.9599 2.1327 0
-2.6526 2.847 0
-3.7072 3.9033 -1.5119
-5.3876 5.5172 -2.4672
-8.2173 8.0652 -4.2747
-13.3109 12.1877 -7.9617
-23.2379 18.7682 -16.1292
-44.3178 27.4771 -35.501
-91.6187 26.0839 -79.4341
-184.3763 -43.3956 -127.2699
-256.2718 -147.9586 0
-184.3763 -43.3956 127.2699
-91.6187 26.0839 79.4341
-44.3178 27.4771 35.501
-23.2379 18.7682 16.1292
-13.3109 12.1877 7.9617
-8.2173 8.0652 4.2747
-5.3876 5.5172 2.4672
-3.7072 3.9033 1.5119
-2.6526 2.847 0

-1.4547 3.2675 -1.0007
-1.9688 4.3618 -1.4915
-2.7515 5.9802 -2.3164
-3.9988 8.4528 -3.78
-6.0991 12.3566 -6.5492
-9.8797 18.6727 -12.198
-17.2478 28.7545 -24.7114
-32.8939 42.0973 -54.3907
-68.0019 39.9629 -121.7002
-136.8491 -66.4859 -194.9888
-190.2119 -226.6857 0
-136.8491 -66.4859 194.9888
-68.0019 39.9629 121.7002
-32.8939 42.0973 54.3907
-17.2478 28.7545 24.7114
-9.8797 18.6727 12.198
-6.0991 12.3566 6.5492
-3.9988 8.4528 3.78
-2.7515 5.9802 2.3164
-1.9688 4.3618 1.4915

0 4.0082 -1.2275
-1.0476 5.3506 -1.8296
-1.4641 7.3358 -2.8415
-2.1277 10.3689 -4.6368
-3.2452 15.1576 -8.0338
-5.2569 22.9054 -14.9631
-9.1774 35.2726 -30.313
-17.5025 51.64 -66.7201
-36.1831 49.0217 -149.2873
-72.8159 -81.5571 -239.1892
-101.2096 -278.0712 0
-72.8159 -81.5571 239.1892
-36.1831 49.0217 149.2873
-17.5025 51.64 66.7201
-9.1774 35.2726 30.313
-5.2569 22.9054 14.9631
-3.2452 15.1576 8.0338
-2.1277 10.3689 4.6368
-1.4641 7.3358 2.8415
-1.0476 5.3506 1.8296

0 4.2655 -1.3063
0 5.6939 -1.947
0 7.8066 -3.0238
0 11.0344 -4.9344
0 16.1304 -8.5494
0 24.3755 -15.9234
0 37.5363 -32.2584
0 54.9542 -71.002
0 52.1679 -158.8683
0 -86.7912 -254.5398
0 -295.9172 0
0 -86.7912 254.5398
0 52.1679 158.8683
0 54.9542 71.002
0 37.5363 32.2584
0 24.3755 15.9234
0 16.1304 8.5494
0 11.0344 4.9344
0 7.8066 3.0238
0 5.6939 1.947

0 4.0082 -1.2275
1.0476 5.3506 -1.8296
1.4641 7.3358 -2.8415
2.1277 10.3689 -4.6368
3.2452 15.1576 -8.0338
5.2569 22.9054 -14.9631
9.1774 35.2726 -30.313
17.5025 51.64 -66.7201
36.1831 49.0217 -149.2873
72.8159 -81.5571 -239.1892
101.2096 -278.0712 0
72.8159 -81.5571 239.1892
36.1831 49.0217 149.2873
17.5025 51.64 66.7201
9.1774 35.2726 30.313
5.2569 22.9054 14.9631
3.2452 15.1576 8.0338
2.1277 10.3689 4.6368
1.4641 7.3358 2.8415
1.0476 5.3506 1.8296

1.4547 3.2675 -1.0007
1.9688 4.3618 -1.4915
2.7515 5.9802 -2.3164
3.9988 8.4528 -3.78
6.0991 12.3566 -6.5492
9.8797 18.6727 -12.198
17.2478 28.7545 -24.7114
32.8939 42.0973 -54.3907
68.0019 39.9629 -121.7002
136.8491 -66.4859 -194.9888
190.2119 -226.6857 0
136.8491 -66.4859 194.9888
68.0019 39.9629 121.7002
32.8939 42.0973 54.3907
17.2478 28.7545 24.7114
9.8797 18.6727 12.198
6.0991 12.3566 6.5492
3.9988 8.4528 3.78
2.7515 5.9802 2.3164
1.9688 4.3618 1.4915

1.9599 2.1327 0
2.6526 2.847 0
3.7072 3.9033 -1.5119
5.3876 5.5172 -2.4672
8.2173 8.0652 -4.2747
13.3109 12.1877 -7.9617
23.2379 18.7682 -16.1292
44.3178 27.4771 -35.501
91.6187 26.0839 -79.4341
184.3763 -43.3956 -127.2699
256.2718 -147.9586 0
184.3763 -43.3956 127.2699
91.6187 26.0839 79.4341
44.3178 27.4771 35.501
23.2379 18.7682 16.1292
13.3109 12.1877 7.9617
8.2173 8.0652 4.2747
5.3876 5.5172 2.4672
3.7072 3.9033 1.5119
2.6526 2.847 0

2.2287 0 0
3.0164 0 0
4.2156 1.3556 0
6.1266 1.9161 0
9.3443 2.801 -1.4846
15.1366 4.2328 -2.7651
26.4251 6.5181 -5.6016
50.3964 9.5427 -12.3294
104.185 9.0589 -27.5872
209.665 -15.0711 -44.2004
291.4215 -51.3855 0
209.665 -15.0711 44.2004
104.185 9.0589 27.5872
50.3964 9.5427 12.3294
26.4251 6.5181 5.6016
15.1366 4.2328 2.7651
9.3443 2.801 1.4846
6.1266 1.9161 0
4.2156 1.3556 0
3.0164 0 0

2.2287 0 0
3.0164 0 0
4.2156 -1.3556 0
6.1266 -1.9161 0
9.3443 -2.801 1.4846
15.1366 -4.2328 2.7651
26.4251 -6.5181 5.6016
50.3964 -9.5427 12.3294
104.185 -9.0589 27.5872
209.665 15.0711 44.2004
291.4215 51.3855 0
209.665 15.0711 -44.2004
104.185 -9.0589 -27.5872
50.3964 -9.5427 -12.3294
26.4251 -6.5181 -5.6016
15.1366 -4.2328 -2.7651
9.3443 -2.801 -1.4846
6.1266 -1.9161 0
4.2156 -1.3556 0
3.0164 0 0

1.9599 -2.1327 0
2.6526 -2.847 0
3.7072 -3.9033 1.5119
5.3876 -5.5172 2.4672
8.2173 -8.0652 4.2747
13.3109 -12.1877 7.9617
23.2379 -18.7682 16.1292
44.3178 -27.4771 35.501
91.6187 -26.0839 79.4341
184.3763 43.3956 127.2699
256.2718 147.9586 0
184.3763 43.3956 -127.2699
91.6187 -26.0839 -79.4341
44.3178 -27.4771 -35.501
23.2379 -18.7682 -16.1292
13.3109 -12.1877 -7.9617
8.2173 -8.0652 -4.2747
5.3876 -5.5172 -2.4672
3.7072 -3.9033 -1.5119
2.6526 -2.847 0

1.4547 -3.2675 1.0007
1.9688 -4.3618 1.4915
2.7515 -5.9802 2.3164
3.9988 -8.4528 3.78
6.0991 -12.3566 6.5492
9.8797 -18.6727 12.198
17.2478 -28.7545 24.7114
32.8939 -42.0973 54.3907
68.0019 -39.9629 121.7002
136.8491 66.4859 194.9888
190.2119 226.6857 0
136.8491 66.4859 -194.9888
68.0019 -39.9629 -121.7002
32.8939 -42.0973 -54.3907
17.2478 -28.7545 -24.7114
9.8797 -18.6727 -12.198
6.0991 -12.3566 -6.5492
3.9988 -8.4528 -3.78
2.7515 -5.9802 -2.3164
1.9688 -4.3618 -1.4915

0 -4.0082 1.2275
1.0476 -5.3506 1.8296
1.4641 -7.3358 2.8415
2.1277 -10.3689 4.6368
3.2452 -15.1576 8.0338
5.2569 -22.9054 14.9631
9.1774 -35.2726 30.313
17.5025 -51.64 66.7201
36.1831 -49.0217 149.2873
72.8159 81.5571 239.1892
101.2096 278.0712 0
72.8159 81.5571 -239.1892
36.1831 -49.0217 -149.2873
17.5025 -51.64 -66.7201
9.1774 -35.2726 -30.313
5.2569 -22.9054 -14.9631
3.2452 -15.1576 -8.0338
2.1277 -10.3689 -4.6368
1.4641 -7.3358 -2.8415
1.0476 -5.3506 -1.8296

