0 -4.2655 1.3063
0 -5.6939 1.947
0 -7.8066 3.0238
0 -11.0344 4.9344
0 -16.1304 8.5494
0 -24.3755 15.9234
0 -37.5363 32.2584
0 -54.9542 71.002
0 -52.1679 158.8683
0 86.7912 254.5398
0 295.9172 0
0 86.7912 -254.5398
0 -52.1679 -158.8683
0 -54.9542 -71.002
0 -37.5363 -32.2584
0 -24.3755 -15.9234
0 -16.1304 -8.5494
0 -11.0344 -4.9344
0 -7.8066 -3.0238
0 -5.6939 -1.947

-2.2631 0 0
-3.0629 0 0
-4.2807 0 0
-6.2211 0 0
-9.4885 0 0
-15.3701 0 0
-26.8328 0 0
-51.1738 0 0
-105.7922 0 0
-212.8994 0 0
-295.9172 0 0
-212.8994 0 0
-105.7922 0 0
-51.1738 0 0
-26.8328 0 0
-15.3701 0 0
-9.4885 0 0
-6.2211 0 0
-4.2807 0 0
-3.0629 0 0

0 4.2655 -1.3063
0 5.6939 -1.947
0 7.8066 -3.0238
0 11.0344 -4.9344
0 16.1304 -8.5494
0 24.3755 -15.9234
0 37.5363 -32.2584
0 54.9542 -71.002
0 52.1679 -158.8683
0 -86.7912 -254.5398
0 -295.9172 0
0 -86.7912 254.5398
0 52.1679 158.8683
0 54.9542 71.002
0 37.5363 32.2584
0 24.3755 15.9234
0 16.1304 8.5494
0 11.0344 4.9344
0 7.8066 3.0238
0 5.6939 1.947

2.2631 0 0
3.0629 0 0
4.2807 0 0
6.2211 0 0
9.4885 0 0
15.3701 0 0
26.8328 0 0
51.1738 0 0
105.7922 0 0
212.8994 0 0
295.9172 0 0
212.8994 0 0
105.7922 0 0
51.1738 0 0
26.8328 0 0
15.3701 0 0
9.4885 0 0
6.2211 0 0
4.2807 0 0
3.0629 0 0

