0 -4.1434 1.2754
0 -5.4949 1.8909
1.4568 -7.4661 2.9154
2.3525 -10.4186 4.7091
4.0142 -14.9419 8.0374
7.3033 -21.9085 14.629
14.2458 -32.0431 28.5538
29.4049 -42.4179 59.0028
58.9405 -29.1584 118.4832
80.5117 81.9157 162.2588
0 212.8994 0
-80.5117 81.9157 -162.2588
-58.9405 -29.1584 -118.4832
-29.4049 -42.4179 -59.0028
-14.2458 -32.0431 -28.5538
-7.3033 -21.9085 -14.629
-4.0142 -14.9419 -8.0374
-2.3525 -10.4186 -4.7091
-1.4568 -7.4661 -2.9154
0 -5.4949 -1.8909

0 -4.2345 1.2985
0 -5.6433 1.9328
0 -7.7197 2.9962
1.2181 -10.8763 4.8767
2.1019 -15.8227 8.4172
3.8902 -23.7285 15.5852
7.8003 -36.0647 31.2719
16.8673 -51.4692 67.703
36.5848 -45.2982 147.1548
55.9344 86.1818 225.7002
0 270.6658 0
-55.9344 86.1818 -225.7002
-36.5848 -45.2982 -147.1548
-16.8673 -51.4692 -67.703
-7.8003 -36.0647 -31.2719
-3.8902 -23.7285 -15.5852
-2.1019 -15.8227 -8.4172
-1.2181 -10.8763 -4.8767
0 -7.7197 -2.9962
0 -5.6433 -1.9328

0 -4.2655 1.3063
0 -5.6939 1.947
0 -7.8066 3.0238
0 -11.0344 4.9344
0 -16.1304 8.5494
0 -24.3755 15.9234
0 -37.5363 32.2584
0 -54.9542 71.002
0 -52.1679 158.8683
0 86.7912 254.5398
0 295.9172 0
0 86.7912 -254.5398
0 -52.1679 -158.8683
0 -54.9542 -71.002
0 -37.5363 -32.2584
0 -24.3755 -15.9234
0 -16.1304 -8.5494
0 -11.0344 -4.9344
0 -7.8066 -3.0238
0 -5.6939 -1.947

0 -4.2345 1.2985
0 -5.6433 1.9328
0 -7.7197 2.9962
-1.2181 -10.8763 4.8767
-2.1019 -15.8227 8.4172
-3.8902 -23.7285 15.5852
-7.8003 -36.0647 31.2719
-16.8673 -51.4692 67.703
-36.5848 -45.2982 147.1548
-55.9344 86.1818 225.7002
0 270.6658 0
55.9344 86.1818 -225.7002
36.5848 -45.2982 -147.1548
16.8673 -51.4692 -67.703
7.8003 -36.0647 -31.2719
3.8902 -23.7285 -15.5852
2.1019 -15.8227 -8.4172
1.2181 -10.8763 -4.8767
0 -7.7197 -2.9962
0 -5.6433 -1.9328

0 -4.1434 1.2754
0 -5.4949 1.8909
-1.4568 -7.4661 2.9154
-2.3525 -10.4186 4.7091
-4.0142 -14.9419 8.0374
-7.3033 -21.9085 14.629
-14.2458 -32.0431 28.5538
-29.4049 -42.4179 59.0028
-58.9405 -29.1584 118.4832
-80.5117 81.9157 162.2588
0 212.8994 0
80.5117 81.9157 -162.2588
58.9405 -29.1584 -118.4832
29.4049 -42.4179 -59.0028
14.2458 -32.0431 -28.5538
7.3033 -21.9085 -14.629
4.0142 -14.9419 -8.0374
2.3525 -10.4186 -4.7091
1.4568 -7.4661 -2.9154
0 -5.4949 -1.8909

0 -4.1672 1.265
0 -5.5522 1.8808
0 -7.5887 2.9104
0 -10.6725 4.7227
1.6841 -15.4717 8.1103
3.6517 -23.0522 14.8878
8.2272 -34.6383 29.4284
19.0867 -48.5831 62.0827
41.5965 -43.4198 129.7789
56.567 58.2866 198.7257
-22.4632 205.6451 65.8798
-98.9697 99.9625 -114.7343
-72.2678 -12.9099 -99.1132
-37.7192 -33.362 -51.902
-19.2935 -27.2642 -25.7333
-10.4573 -19.2718 -13.3733
-6.0708 -13.3938 -7.4168
-3.751 -9.4547 -4.3745
-2.4439 -6.8346 -2.7218
-1.6645 -5.0631 -1.7721

0 -4.1742 1.271
0 -5.576 1.8947
0 -7.6504 2.9426
0 -10.821 4.8007
0 -15.8276 8.312
0 -23.9268 15.4575
0 -36.8547 31.2181
4.1479 -54.081 68.3165
11.5541 -53.2236 151.6623
10.0077 68.7684 247.2174
-57.9133 261.4431 49.0871
-98.0493 97.7221 -188.8019
-59.1222 -34.2859 -132.619
-28.4371 -45.3499 -62.4756
-14.0988 -32.8169 -29.1946
-7.5842 -21.9131 -14.6508
-4.4179 -14.7396 -7.9489
-2.7529 -10.1905 -4.6204
-1.8128 -7.2629 -2.8457
-1.2488 -5.3261 -1.8391

0 -4.1201 1.2618
0 -5.4999 1.8807
-1.1079 -7.5406 2.9208
-1.6101 -10.6584 4.7663
-2.4558 -15.5808 8.2581
-3.9781 -23.5449 15.3808
-6.9448 -36.2573 31.1592
-13.2448 -53.0817 68.5827
-27.381 -50.3903 153.455
-55.1024 83.8339 245.8666
-76.589 285.8341 0
-55.1024 83.8339 -245.8666
-27.381 -50.3903 -153.455
-13.2448 -53.0817 -68.5827
-6.9448 -36.2573 -31.1592
-3.9781 -23.5449 -15.3808
-2.4558 -15.5808 -8.2581
-1.6101 -10.6584 -4.7663
-1.1079 -7.5406 -2.9208
0 -5.4999 -1.8807

0 -4.0063 1.2374
-1.2488 -5.3261 1.8391
-1.8128 -7.2629 2.8457
-2.7529 -10.1905 4.6204
-4.4179 -14.7396 7.9489
-7.5842 -21.9131 14.6508
-14.0988 -32.8169 29.1946
-28.4371 -45.3499 62.4756
-59.1222 -34.2859 132.619
-98.0493 97.7221 188.8019
-57.9133 261.4431 -49.0871
10.0077 68.7684 -247.2174
11.5541 -53.2236 -151.6623
4.1479 -54.081 -68.3165
0 -36.8547 -31.2181
0 -23.9268 -15.4575
0 -15.8276 -8.312
0 -10.821 -4.8007
0 -7.6504 -2.9426
0 -5.576 -1.8947

-1.1766 -3.8372 1.1989
-1.6645 -5.0631 1.7721
-2.4439 -6.8346 2.7218
-3.751 -9.4547 4.3745
-6.0708 -13.3938 7.4168
-10.4573 -19.2718 13.3733
-19.2935 -27.2642 25.7333
-37.7192 -33.362 51.902
-72.2678 -12.9099 99.1132
-98.9697 99.9625 114.7343
-22.4632 205.6451 -65.8798
56.567 58.2866 -198.7257
41.5965 -43.4198 -129.7789
19.0867 -48.5831 -62.0827
8.2272 -34.6383 -29.4284
3.6517 -23.0522 -14.8878
1.6841 -15.4717 -8.1103
0 -10.6725 -4.7227
0 -7.5887 -2.9104
0 -5.5522 -1.8808

0 -3.907 1.1683
0 -5.2312 1.7426
0 -7.1942 2.7071
0 -10.199 4.4145
0 -14.9471 7.6304
0 -22.625 14.132
1.6479 -34.873 28.2975
7.4678 -51.4375 60.9317
21.4178 -54.7221 132.2303
28.7673 30.6853 221.6497
-43.3956 184.3763 127.2699
-110.683 111.1969 -59.3909
-80.6701 4.2183 -72.9887
-43.463 -22.0325 -41.2641
-23.0264 -20.6272 -21.1591
-12.8986 -15.3217 -11.2062
-7.7136 -10.9329 -6.2908
-4.8939 -7.8465 -3.7418
-3.2645 -5.7374 -2.3426
-2.2707 -4.2862 -1.5325

0 -3.8294 1.157
-1.0931 -5.1287 1.7275
-1.4569 -7.0597 2.6884
-1.9902 -10.0282 4.3975
-2.7922 -14.7538 7.6402
-4.0232 -22.4946 14.2765
-5.9261 -35.1331 29.0368
-8.8541 -53.0073 64.2744
-14.264 -57.5218 145.8342
-36.6011 46.6684 251.8872
-111.8799 234.4035 94.8291
-133.4823 102.6028 -139.0371
-77.6306 -20.9371 -109.0455
-38.0691 -36.14 -52.9906
-19.4366 -27.3328 -25.1278
-10.7613 -18.6044 -12.7179
-6.4328 -12.6519 -6.9388
-4.1001 -8.8101 -4.0492
-2.7534 -6.3112 -2.5012
-1.9295 -4.6458 -1.6201

-1.1316 -3.694 1.1313
-1.5315 -4.9311 1.6862
-2.1403 -6.7607 2.6187
-3.1106 -9.5561 4.2733
-4.7442 -13.9693 7.404
-7.6851 -21.1098 13.7901
-13.4164 -32.5074 27.9366
-25.5869 -47.5917 61.4896
-52.8961 -45.1787 137.584
-106.4497 75.1634 220.438
-147.9586 256.2718 0
-106.4497 75.1634 -220.438
-52.8961 -45.1787 -137.584
-25.5869 -47.5917 -61.4896
-13.4164 -32.5074 -27.9366
-7.6851 -21.1098 -13.7901
-4.7442 -13.9693 -7.404
-3.1106 -9.5561 -4.2733
-2.1403 -6.7607 -2.6187
-1.5315 -4.9311 -1.6862

-1.4004 -3.505 1.092
-1.9295 -4.6458 1.6201
-2.7534 -6.3112 2.5012
-4.1001 -8.8101 4.0492
-6.4328 -12.6519 6.9388
-10.7613 -18.6044 12.7179
-19.4366 -27.3328 25.1278
-38.0691 -36.14 52.9906
-77.6306 -20.9371 109.0455
-133.4823 102.6028 139.0371
-111.8799 234.4035 -94.8291
-36.6011 46.6684 -251.8872
-14.264 -57.5218 -145.8342
-8.8541 -53.0073 -64.2744
-5.9261 -35.1331 -29.0368
-4.0232 -22.4946 -14.2765
-2.7922 -14.7538 -7.6402
-1.9902 -10.0282 -4.3975
-1.4569 -7.0597 -2.6884
-1.0931 -5.1287 -1.7275

-1.6356 -3.2696 1.0408
-2.2707 -4.2862 1.5325
-3.2645 -5.7374 2.3426
-4.8939 -7.8465 3.7418
-7.7136 -10.9329 6.2908
-12.8986 -15.3217 11.2062
-23.0264 -20.6272 21.1591
-43.463 -22.0325 41.2641
-80.6701 4.2183 72.9887
-110.683 111.1969 59.3909
-43.3956 184.3763 -127.2699
28.7673 30.6853 -221.6497
21.4178 -54.7221 -132.2303
7.4678 -51.4375 -60.9317
1.6479 -34.873 -28.2975
0 -22.625 -14.132
0 -14.9471 -7.6304
0 -10.199 -4.4145
0 -7.1942 -2.7071
0 -5.2312 -1.7426

-1.0817 -3.3805 0
-1.3857 -4.5536 1.4856
-1.8025 -6.3094 2.3192
-2.3762 -9.0306 3.8055
-3.1538 -13.404 6.6305
-4.1324 -20.6559 12.4131
-5.0436 -32.7311 25.2382
-4.66 -50.7864 55.6284
0 -62.2953 125.6704
0 0 229.4686
-61.3707 150.5426 179.9868
-114.8535 114.8535 0
-83.5749 21.0591 -41.8901
-46.2449 -9.2016 -27.8142
-25.1902 -12.5846 -15.1429
-14.4609 -10.3274 -8.2754
-8.8308 -7.727 -4.7361
-5.7032 -5.7036 -2.8541
-3.8626 -4.2492 -1.8038
-2.7221 -3.2173 -1.1885

-1.3536 -3.2237 0
-1.7958 -4.3319 1.4426
-2.4479 -5.9879 2.2511
-3.4452 -8.5521 3.6946
-5.0368 -12.6746 6.4479
-7.7034 -19.5294 12.1225
-12.4184 -31.0172 24.8766
-21.2527 -48.3212 55.8521
-39.11 -57.9 130.0677
-80.7155 21.3882 239.3912
-158.2221 191.3896 134.1086
-159.8187 100.4913 -79.7971
-90.8486 -6.1614 -78.0406
-45.1067 -24.4673 -39.8944
-23.4497 -19.9859 -19.3485
-13.205 -14.0278 -9.9184
-8.0094 -9.7021 -5.4559
-5.1679 -6.8294 -3.202
-3.5065 -4.9293 -1.9862
-2.4788 -3.649 -1.2908

-1.6003 -3.0161 0
-2.1658 -4.0262 1.3768
-3.0269 -5.5201 2.1382
-4.399 -7.8025 3.4892
-6.7094 -11.4059 6.0453
-10.8683 -17.236 11.2595
-18.9737 -26.5422 22.8102
-36.1854 -38.8585 50.206
-74.8064 -36.8882 112.3368
-150.5426 61.3707 179.9868
-209.2451 209.2451 0
-150.5426 61.3707 -179.9868
-74.8064 -36.8882 -112.3368
-36.1854 -38.8585 -50.206
-18.9737 -26.5422 -22.8102
-10.8683 -17.236 -11.2595
-6.7094 -11.4059 -6.0453
-4.399 -7.8025 -3.4892
-3.0269 -5.5201 -2.1382
-2.1658 -4.0262 -1.3768

-1.8125 -2.7648 0
-2.4788 -3.649 1.2908
-3.5065 -4.9293 1.9862
-5.1679 -6.8294 3.202
-8.0094 -9.7021 5.4559
-13.205 -14.0278 9.9184
-23.4497 -19.9859 19.3485
-45.1067 -24.4673 39.8944
-90.8486 -6.1614 78.0406
-159.8187 100.4913 79.7971
-158.2221 191.3896 -134.1086
-80.7155 21.3882 -239.3912
-39.11 -57.9 -130.0677
-21.2527 -48.3212 -55.8521
-12.4184 -31.0172 -24.8766
-7.7034 -19.5294 -12.1225
-5.0368 -12.6746 -6.4479
-3.4452 -8.5521 -3.6946
-2.4479 -5.9879 -2.2511
-1.7958 -4.3319 -1.4426

-1.9831 -2.4791 0
-2.7221 -3.2173 1.1885
-3.8626 -4.2492 1.8038
-5.7032 -5.7036 2.8541
-8.8308 -7.727 4.7361
-14.4609 -10.3274 8.2754
-25.1902 -12.5846 15.1429
-46.2449 -9.2016 27.8142
-83.5749 21.0591 41.8901
-114.8535 114.8535 0
-61.3707 150.5426 -179.9868
0 0 -229.4686
0 -62.2953 -125.6704
-4.66 -50.7864 -55.6284
-5.0436 -32.7311 -25.2382
-4.1324 -20.6559 -12.4131
-3.1538 -13.404 -6.6305
-2.3762 -9.0306 -3.8055
-1.8025 -6.3094 -2.3192
-1.3857 -4.5536 -1.4856

-1.5581 -2.6237 0
-2.043 -3.5658 1.1274
-2.7408 -4.9946 1.7733
-3.7714 -7.2467 2.9371
-5.3319 -10.9473 5.1788
-7.7344 -17.2791 9.8483
-11.3915 -28.3587 20.459
-16.4703 -46.6744 46.534
-21.8438 -65.6231 110.5464
-30.6853 -28.7673 221.6497
-75.1634 106.4497 220.438
-111.1969 110.683 59.3909
-80.7843 36.4648 -7.9369
-45.8752 4.2564 -12.4688
-25.6372 -3.6843 -8.0948
-15.0377 -4.6294 -4.7807
-9.3462 -3.9945 -2.8586
-6.1239 -3.172 -1.7719
-4.1975 -2.4715 -1.1421
-2.988 -1.9291 0

-1.7766 -2.3983 0
-2.3762 -3.2399 1.0594
-3.272 -4.5081 1.6603
-4.6653 -6.4931 2.74
-6.9382 -9.7317 4.8161
-10.8587 -15.2333 9.1423
-18.0645 -24.7876 19.0212
-32.203 -40.3421 43.6236
-61.2907 -54.3325 105.4374
-119.3294 -5.3497 210.5812
-193.7817 135.3329 164.2488
-175.2637 91.5315 -15.119
-97.8754 9.0342 -41.7175
-49.0703 -11.1271 -24.0794
-25.8648 -11.2771 -12.2507
-14.7489 -8.4952 -6.4429
-9.0401 -6.0911 -3.6012
-5.8834 -4.3832 -2.1367
-4.0206 -3.2116 -1.3359
-2.8591 -2.4034 0

-1.9599 -2.1327 0
-2.6526 -2.847 0
-3.7072 -3.9033 1.5119
-5.3876 -5.5172 2.4672
-8.2173 -8.0652 4.2747
-13.3109 -12.1877 7.9617
-23.2379 -18.7682 16.1292
-44.3178 -27.4771 35.501
-91.6187 -26.0839 79.4341
-184.3763 43.3956 127.2699
-256.2718 147.9586 0
-184.3763 43.3956 -127.2699
-91.6187 -26.0839 -79.4341
-44.3178 -27.4771 -35.501
-23.2379 -18.7682 -16.1292
-13.3109 -12.1877 -7.9617
-8.2173 -8.0652 -4.2747
-5.3876 -5.5172 -2.4672
-3.7072 -3.9033 -1.5119
-2.6526 -2.847 0

-2.1011 -1.8363 0
-2.8591 -2.4034 0
-4.0206 -3.2116 1.3359
-5.8834 -4.3832 2.1367
-9.0401 -6.0911 3.6012
-14.7489 -8.4952 6.4429
-25.8648 -11.2771 12.2507
-49.0703 -11.1271 24.0794
-97.8754 9.0342 41.7175
-175.2637 91.5315 15.119
-193.7817 135.3329 -164.2488
-119.3294 -5.3497 -210.5812
-61.2907 -54.3325 -105.4374
-32.203 -40.3421 -43.6236
-18.0645 -24.7876 -19.0212
-10.8587 -15.2333 -9.1423
-6.9382 -9.7317 -4.8161
-4.6653 -6.4931 -2.74
-3.272 -4.5081 -1.6603
-2.3762 -3.2399 -1.0594

-2.1955 -1.5197 0
-2.988 -1.9291 0
-4.1975 -2.4715 1.1421
-6.1239 -3.172 1.7719
-9.3462 -3.9945 2.8586
-15.0377 -4.6294 4.7807
-25.6372 -3.6843 8.0948
-45.8752 4.2564 12.4688
-80.7843 36.4648 7.9369
-111.1969 110.683 -59.3909
-75.1634 106.4497 -220.438
-30.6853 -28.7673 -221.6497
-21.8438 -65.6231 -110.5464
-16.4703 -46.6744 -46.534
-11.3915 -28.3587 -20.459
-7.7344 -17.2791 -9.8483
-5.3319 -10.9473 -5.1788
-3.7714 -7.2467 -2.9371
-2.7408 -4.9946 -1.7733
-2.043 -3.5658 -1.1274

-1.9283 -1.6881 0
-2.5611 -2.3349 0
-3.4923 -3.3395 1.1066
-4.9095 -4.9689 1.8686
-7.1467 -7.7447 3.3742
-10.8093 -12.7248 6.6124
-16.963 -22.0537 14.2855
-27.1581 -39.3815 34.2685
-41.9784 -64.4789 87.8887
-58.2866 -56.567 198.7257
-83.8339 55.1024 245.8666
-99.9625 98.9697 114.7343
-72.4883 49.3854 26.5573
-42.3792 17.4244 3.7264
-24.3371 5.467 0
-14.5897 1.3841 0
-9.2246 0 0
-6.1272 0 0
-4.2464 0 0
-3.0503 0 0

-2.0785 -1.4094 0
-2.7946 -1.9271 0
-3.8732 -2.721 0
-5.5675 -3.9916 1.5986
-8.3667 -6.1255 2.8561
-13.2739 -9.899 5.5392
-22.4795 -16.8687 11.8696
-40.9587 -29.6137 28.4222
-79.2945 -47.0622 73.6216
-149.8111 -31.723 167.4203
-216.1354 70.0535 183.1957
-178.7648 76.334 50.5893
-98.2322 23.6141 -2.5513
-49.6899 2.9713 -6.6235
-26.5173 -1.7997 -4.318
-15.2876 -2.3837 -2.5283
-9.4547 -2.0649 -1.501
-6.1981 -1.6384 0
-4.2606 -1.275 0
-3.0446 0 0

-2.186 -1.104 0
-2.9586 -1.4737 0
-4.1348 -2.0205 0
-6.0091 -2.8559 1.2771
-9.1652 -4.1749 2.2127
-14.8464 -6.3088 4.1213
-25.9185 -9.7151 8.3491
-49.4301 -14.2232 18.3767
-102.1874 -13.502 41.1181
-205.6451 22.4632 65.8798
-285.8341 76.589 0
-205.6451 22.4632 -65.8798
-102.1874 -13.502 -41.1181
-49.4301 -14.2232 -18.3767
-25.9185 -9.7151 -8.3491
-14.8464 -6.3088 -4.1213
-9.1652 -4.1749 -2.2127
-6.0091 -2.8559 -1.2771
-4.1348 -2.0205 0
-2.9586 -1.4737 0

-2.2465 0 0
-3.0446 0 0
-4.2606 -1.275 0
-6.1981 -1.6384 0
-9.4547 -2.0649 1.501
-15.2876 -2.3837 2.5283
-26.5173 -1.7997 4.318
-49.6899 2.9713 6.6235
-98.2322 23.6141 2.5513
-178.7648 76.334 -50.5893
-216.1354 70.0535 -183.1957
-149.8111 -31.723 -167.4203
-79.2945 -47.0622 -73.6216
-40.9587 -29.6137 -28.4222
-22.4795 -16.8687 -11.8696
-13.2739 -9.899 -5.5392
-8.3667 -6.1255 -2.8561
-5.5675 -3.9916 -1.5986
-3.8732 -2.721 0
-2.7946 -1.9271 0

-2.2583 0 0
-3.0503 0 0
-4.2464 0 0
-6.1272 0 0
-9.2246 0 0
-14.5897 1.3841 0
-24.3371 5.467 0
-42.3792 17.4244 -3.7264
-72.4883 49.3854 -26.5573
-99.9625 98.9697 -114.7343
-83.8339 55.1024 -245.8666
-58.2866 -56.567 -198.7257
-41.9784 -64.4789 -87.8887
-27.1581 -39.3815 -34.2685
-16.963 -22.0537 -14.2855
-10.8093 -12.7248 -6.6124
-7.1467 -7.7447 -3.3742
-4.9095 -4.9689 -1.8686
-3.4923 -3.3395 -1.1066
-2.5611 -2.3349 0

-2.1671 0 0
-2.9047 0 0
-4.0058 -1.4568 0
-5.713 -2.3525 0
-8.4744 -4.0142 1.3396
-13.1475 -7.3033 2.9258
-21.3785 -14.2458 7.1384
-35.9952 -29.4049 19.6676
-59.2523 -58.9405 59.2416
-81.9157 -80.5117 162.2588
-86.7912 0 254.5398
-81.9157 80.5117 162.2588
-59.2523 58.9405 59.2416
-35.9952 29.4049 19.6676
-21.3785 14.2458 7.1384
-13.1475 7.3033 2.9258
-8.4744 4.0142 1.3396
-5.713 2.3525 0
-4.0058 1.4568 0
-2.9047 0 0

-2.2388 0 0
-3.0226 0 0
-4.2104 0 0
-6.0903 -1.2181 0
-9.225 -2.1019 0
-14.7845 -3.8902 1.5585
-25.3626 -7.8003 3.909
-46.9232 -16.8673 11.2838
-91.8946 -36.5848 36.7887
-170.0834 -55.9344 112.8501
-223.7598 0 189.6581
-170.0834 55.9344 112.8501
-91.8946 36.5848 36.7887
-46.9232 16.8673 11.2838
-25.3626 7.8003 3.909
-14.7845 3.8902 1.5585
-9.225 2.1019 0
-6.0903 1.2181 0
-4.2104 0 0
-3.0226 0 0

-2.2631 0 0
-3.0629 0 0
-4.2807 0 0
-6.2211 0 0
-9.4885 0 0
-15.3701 0 0
-26.8328 0 0
-51.1738 0 0
-105.7922 0 0
-212.8994 0 0
-295.9172 0 0
-212.8994 0 0
-105.7922 0 0
-51.1738 0 0
-26.8328 0 0
-15.3701 0 0
-9.4885 0 0
-6.2211 0 0
-4.2807 0 0
-3.0629 0 0

-2.2388 0 0
-3.0226 0 0
-4.2104 0 0
-6.0903 1.2181 0
-9.225 2.1019 0
-14.7845 3.8902 -1.5585
-25.3626 7.8003 -3.909
-46.9232 16.8673 -11.2838
-91.8946 36.5848 -36.7887
-170.0834 55.9344 -112.8501
-223.7598 0 -189.6581
-170.0834 -55.9344 -112.8501
-91.8946 -36.5848 -36.7887
-46.9232 -16.8673 -11.2838
-25.3626 -7.8003 -3.909
-14.7845 -3.8902 -1.5585
-9.225 -2.1019 0
-6.0903 -1.2181 0
-4.2104 0 0
-3.0226 0 0

-2.1671 0 0
-2.9047 0 0
-4.0058 1.4568 0
-5.713 2.3525 0
-8.4744 4.0142 -1.3396
-13.1475 7.3033 -2.9258
-21.3785 14.2458 -7.1384
-35.9952 29.4049 -19.6676
-59.2523 58.9405 -59.2416
-81.9157 80.5117 -162.2588
-86.7912 0 -254.5398
-81.9157 -80.5117 -162.2588
-59.2523 -58.9405 -59.2416
-35.9952 -29.4049 -19.6676
-21.3785 -14.2458 -7.1384
-13.1475 -7.3033 -2.9258
-8.4744 -4.0142 -1.3396
-5.713 -2.3525 0
-4.0058 -1.4568 0
-2.9047 0 0

-2.2583 0 0
-3.0503 0 0
-4.2464 0 0
-6.1272 0 0
-9.2246 0 0
-14.5897 -1.3841 0
-24.3371 -5.467 0
-42.3792 -17.4244 3.7264
-72.4883 -49.3854 26.5573
-99.9625 -98.9697 114.7343
-83.8339 -55.1024 245.8666
-58.2866 56.567 198.7257
-41.9784 64.4789 87.8887
-27.1581 39.3815 34.2685
-16.963 22.0537 14.2855
-10.8093 12.7248 6.6124
-7.1467 7.7447 3.3742
-4.9095 4.9689 1.8686
-3.4923 3.3395 1.1066
-2.5611 2.3349 0

-2.2465 0 0
-3.0446 0 0
-4.2606 1.275 0
-6.1981 1.6384 0
-9.4547 2.0649 -1.501
-15.2876 2.3837 -2.5283
-26.5173 1.7997 -4.318
-49.6899 -2.9713 -6.6235
-98.2322 -23.6141 -2.5513
-178.7648 -76.334 50.5893
-216.1354 -70.0535 183.1957
-149.8111 31.723 167.4203
-79.2945 47.0622 73.6216
-40.9587 29.6137 28.4222
-22.4795 16.8687 11.8696
-13.2739 9.899 5.5392
-8.3667 6.1255 2.8561
-5.5675 3.9916 1.5986
-3.8732 2.721 0
-2.7946 1.9271 0

-2.186 1.104 0
-2.9586 1.4737 0
-4.1348 2.0205 0
-6.0091 2.8559 -1.2771
-9.1652 4.1749 -2.2127
-14.8464 6.3088 -4.1213
-25.9185 9.7151 -8.3491
-49.4301 14.2232 -18.3767
-102.1874 13.502 -41.1181
-205.6451 -22.4632 -65.8798
-285.8341 -76.589 0
-205.6451 -22.4632 65.8798
-102.1874 13.502 41.1181
-49.4301 14.2232 18.3767
-25.9185 9.7151 8.3491
-14.8464 6.3088 4.1213
-9.1652 4.1749 2.2127
-6.0091 2.8559 1.2771
-4.1348 2.0205 0
-2.9586 1.4737 0

-2.0785 1.4094 0
-2.7946 1.9271 0
-3.8732 2.721 0
-5.5675 3.9916 -1.5986
-8.3667 6.1255 -2.8561
-13.2739 9.899 -5.5392
-22.4795 16.8687 -11.8696
-40.9587 29.6137 -28.4222
-79.2945 47.0622 -73.6216
-149.8111 31.723 -167.4203
-216.1354 -70.0535 -183.1957
-178.7648 -76.334 -50.5893
-98.2322 -23.6141 2.5513
-49.6899 -2.9713 6.6235
-26.5173 1.7997 4.318
-15.2876 2.3837 2.5283
-9.4547 2.0649 1.501
-6.1981 1.6384 0
-4.2606 1.275 0
-3.0446 0 0

-1.9283 1.6881 0
-2.5611 2.3349 0
-3.4923 3.3395 -1.1066
-4.9095 4.9689 -1.8686
-7.1467 7.7447 -3.3742
-10.8093 12.7248 -6.6124
-16.963 22.0537 -14.2855
-27.1581 39.3815 -34.2685
-41.9784 64.4789 -87.8887
-58.2866 56.567 -198.7257
-83.8339 -55.1024 -245.8666
-99.9625 -98.9697 -114.7343
-72.4883 -49.3854 -26.5573
-42.3792 -17.4244 -3.7264
-24.3371 -5.467 0
-14.5897 -1.3841 0
-9.2246 0 0
-6.1272 0 0
-4.2464 0 0
-3.0503 0 0

-2.1955 1.5197 0
-2.988 1.9291 0
-4.1975 2.4715 -1.1421
-6.1239 3.172 -1.7719
-9.3462 3.9945 -2.8586
-15.0377 4.6294 -4.7807
-25.6372 3.6843 -8.0948
-45.8752 -4.2564 -12.4688
-80.7843 -36.4648 -7.9369
-111.1969 -110.683 59.3909
-75.1634 -106.4497 220.438
-30.6853 28.7673 221.6497
-21.8438 65.6231 110.5464
-16.4703 46.6744 46.534
-11.3915 28.3587 20.459
-7.7344 17.2791 9.8483
-5.3319 10.9473 5.1788
-3.7714 7.2467 2.9371
-2.7408 4.9946 1.7733
-2.043 3.5658 1.1274

-2.1011 1.8363 0
-2.8591 2.4034 0
-4.0206 3.2116 -1.3359
-5.8834 4.3832 -2.1367
-9.0401 6.0911 -3.6012
-14.7489 8.4952 -6.4429
-25.8648 11.2771 -12.2507
-49.0703 11.1271 -24.0794
-97.8754 -9.0342 -41.7175
-175.2637 -91.5315 -15.119
-193.7817 -135.3329 164.2488
-119.3294 5.3497 210.5812
-61.2907 54.3325 105.4374
-32.203 40.3421 43.6236
-18.0645 24.7876 19.0212
-10.8587 15.2333 9.1423
-6.9382 9.7317 4.8161
-4.6653 6.4931 2.74
-3.272 4.5081 1.6603
-2.3762 3.2399 1.0594

-1.9599 2.1327 0
-2.6526 2.847 0
-3.7072 3.9033 -1.5119
-5.3876 5.5172 -2.4672
-8.2173 8.0652 -4.2747
-13.3109 12.1877 -7.9617
-23.2379 18.7682 -16.1292
-44.3178 27.4771 -35.501
-91.6187 26.0839 -79.4341
-184.3763 -43.3956 -127.2699
-256.2718 -147.9586 0
-184.3763 -43.3956 127.2699
-91.6187 26.0839 79.4341
-44.3178 27.4771 35.501
-23.2379 18.7682 16.1292
-13.3109 12.1877 7.9617
-8.2173 8.0652 4.2747
-5.3876 5.5172 2.4672
-3.7072 3.9033 1.5119
-2.6526 2.847 0

-1.7766 2.3983 0
-2.3762 3.2399 -1.0594
-3.272 4.5081 -1.6603
-4.6653 6.4931 -2.74
-6.9382 9.7317 -4.8161
-10.8587 15.2333 -9.1423
-18.0645 24.7876 -19.0212
-32.203 40.3421 -43.6236
-61.2907 54.3325 -105.4374
-119.3294 5.3497 -210.5812
-193.7817 -135.3329 -164.2488
-175.2637 -91.5315 15.119
-97.8754 -9.0342 41.7175
-49.0703 11.1271 24.0794
-25.8648 11.2771 12.2507
-14.7489 8.4952 6.4429
-9.0401 6.0911 3.6012
-5.8834 4.3832 2.1367
-4.0206 3.2116 1.3359
-2.8591 2.4034 0

-1.5581 2.6237 0
-2.043 3.5658 -1.1274
-2.7408 4.9946 -1.7733
-3.7714 7.2467 -2.9371
-5.3319 10.9473 -5.1788
-7.7344 17.2791 -9.8483
-11.3915 28.3587 -20.459
-16.4703 46.6744 -46.534
-21.8438 65.6231 -110.5464
-30.6853 28.7673 -221.6497
-75.1634 -106.4497 -220.438
-111.1969 -110.683 -59.3909
-80.7843 -36.4648 7.9369
-45.8752 -4.2564 12.4688
-25.6372 3.6843 8.0948
-15.0377 4.6294 4.7807
-9.3462 3.9945 2.8586
-6.1239 3.172 1.7719
-4.1975 2.4715 1.1421
-2.988 1.9291 0

-1.9831 2.4791 0
-2.7221 3.2173 -1.1885
-3.8626 4.2492 -1.8038
-5.7032 5.7036 -2.8541
-8.8308 7.727 -4.7361
-14.4609 10.3274 -8.2754
-25.1902 12.5846 -15.1429
-46.2449 9.2016 -27.8142
-83.5749 -21.0591 -41.8901
-114.8535 -114.8535 0
-61.3707 -150.5426 179.9868
0 0 229.4686
0 62.2953 125.6704
-4.66 50.7864 55.6284
-5.0436 32.7311 25.2382
-4.1324 20.6559 12.4131
-3.1538 13.404 6.6305
-2.3762 9.0306 3.8055
-1.8025 6.3094 2.3192
-1.3857 4.5536 1.4856

-1.8125 2.7648 0
-2.4788 3.649 -1.2908
-3.5065 4.9293 -1.9862
-5.1679 6.8294 -3.202
-8.0094 9.7021 -5.4559
-13.205 14.0278 -9.9184
-23.4497 19.9859 -19.3485
-45.1067 24.4673 -39.8944
-90.8486 6.1614 -78.0406
-159.8187 -100.4913 -79.7971
-158.2221 -191.3896 134.1086
-80.7155 -21.3882 239.3912
-39.11 57.9 130.0677
-21.2527 48.3212 55.8521
-12.4184 31.0172 24.8766
-7.7034 19.5294 12.1225
-5.0368 12.6746 6.4479
-3.4452 8.5521 3.6946
-2.4479 5.9879 2.2511
-1.7958 4.3319 1.4426

-1.6003 3.0161 0
-2.1658 4.0262 -1.3768
-3.0269 5.5201 -2.1382
-4.399 7.8025 -3.4892
-6.7094 11.4059 -6.0453
-10.8683 17.236 -11.2595
-18.9737 26.5422 -22.8102
-36.1854 38.8585 -50.206
-74.8064 36.8882 -112.3368
-150.5426 -61.3707 -179.9868
-209.2451 -209.2451 0
-150.5426 -61.3707 179.9868
-74.8064 36.8882 112.3368
-36.1854 38.8585 50.206
-18.9737 26.5422 22.8102
-10.8683 17.236 11.2595
-6.7094 11.4059 6.0453
-4.399 7.8025 3.4892
-3.0269 5.5201 2.1382
-2.1658 4.0262 1.3768

-1.3536 3.2237 0
-1.7958 4.3319 -1.4426
-2.4479 5.9879 -2.2511
-3.4452 8.5521 -3.6946
-5.0368 12.6746 -6.4479
-7.7034 19.5294 -12.1225
-12.4184 31.0172 -24.8766
-21.2527 48.3212 -55.8521
-39.11 57.9 -130.0677
-80.7155 -21.3882 -239.3912
-158.2221 -191.3896 -134.1086
-159.8187 -100.4913 79.7971
-90.8486 6.1614 78.0406
-45.1067 24.4673 39.8944
-23.4497 19.9859 19.3485
-13.205 14.0278 9.9184
-8.0094 9.7021 5.4559
-5.1679 6.8294 3.202
-3.5065 4.9293 1.9862
-2.4788 3.649 1.2908

-1.0817 3.3805 0
-1.3857 4.5536 -1.4856
-1.8025 6.3094 -2.3192
-2.3762 9.0306 -3.8055
-3.1538 13.404 -6.6305
-4.1324 20.6559 -12.4131
-5.0436 32.7311 -25.2382
-4.66 50.7864 -55.6284
0 62.2953 -125.6704
0 0 -229.4686
-61.3707 -150.5426 -179.9868
-114.8535 -114.8535 0
-83.5749 -21.0591 41.8901
-46.2449 9.2016 27.8142
-25.1902 12.5846 15.1429
-14.4609 10.3274 8.2754
-8.8308 7.727 4.7361
-5.7032 5.7036 2.8541
-3.8626 4.2492 1.8038
-2.7221 3.2173 1.1885

-1.6356 3.2696 -1.0408
-2.2707 4.2862 -1.5325
-3.2645 5.7374 -2.3426
-4.8939 7.8465 -3.7418
-7.7136 10.9329 -6.2908
-12.8986 15.3217 -11.2062
-23.0264 20.6272 -21.1591
-43.463 22.0325 -41.2641
-80.6701 -4.2183 -72.9887
-110.683 -111.1969 -59.3909
-43.3956 -184.3763 127.2699
28.7673 -30.6853 221.6497
21.4178 54.7221 132.2303
7.4678 51.4375 60.9317
1.6479 34.873 28.2975
0 22.625 14.132
0 14.9471 7.6304
0 10.199 4.4145
0 7.1942 2.7071
0 5.2312 1.7426

-1.4004 3.505 -1.092
-1.9295 4.6458 -1.6201
-2.7534 6.3112 -2.5012
-4.1001 8.8101 -4.0492
-6.4328 12.6519 -6.9388
-10.7613 18.6044 -12.7179
-19.4366 27.3328 -25.1278
-38.0691 36.14 -52.9906
-77.6306 20.9371 -109.0455
-133.4823 -102.6028 -139.0371
-111.8799 -234.4035 94.8291
-36.6011 -46.6684 251.8872
-14.264 57.5218 145.8342
-8.8541 53.0073 64.2744
-5.9261 35.1331 29.0368
-4.0232 22.4946 14.2765
-2.7922 14.7538 7.6402
-1.9902 10.0282 4.3975
-1.4569 7.0597 2.6884
-1.0931 5.1287 1.7275

-1.1316 3.694 -1.1313
-1.5315 4.9311 -1.6862
-2.1403 6.7607 -2.6187
-3.1106 9.5561 -4.2733
-4.7442 13.9693 -7.404
-7.6851 21.1098 -13.7901
-13.4164 32.5074 -27.9366
-25.5869 47.5917 -61.4896
-52.8961 45.1787 -137.584
-106.4497 -75.1634 -220.438
-147.9586 -256.2718 0
-106.4497 -75.1634 220.438
-52.8961 45.1787 137.584
-25.5869 47.5917 61.4896
-13.4164 32.5074 27.9366
-7.6851 21.1098 13.7901
-4.7442 13.9693 7.404
-3.1106 9.5561 4.2733
-2.1403 6.7607 2.6187
-1.5315 4.9311 1.6862

0 3.8294 -1.157
-1.0931 5.1287 -1.7275
-1.4569 7.0597 -2.6884
-1.9902 10.0282 -4.3975
-2.7922 14.7538 -7.6402
-4.0232 22.4946 -14.2765
-5.9261 35.1331 -29.0368
-8.8541 53.0073 -64.2744
-14.264 57.5218 -145.8342
-36.6011 -46.6684 -251.8872
-111.8799 -234.4035 -94.8291
-133.4823 -102.6028 139.0371
-77.6306 20.9371 109.0455
-38.0691 36.14 52.9906
-19.4366 27.3328 25.1278
-10.7613 18.6044 12.7179
-6.4328 12.6519 6.9388
-4.1001 8.8101 4.0492
-2.7534 6.3112 2.5012
-1.9295 4.6458 1.6201

0 3.907 -1.1683
0 5.2312 -1.7426
0 7.1942 -2.7071
0 10.199 -4.4145
0 14.9471 -7.6304
0 22.625 -14.132
1.6479 34.873 -28.2975
7.4678 51.4375 -60.9317
21.4178 54.7221 -132.2303
28.7673 -30.6853 -221.6497
-43.3956 -184.3763 -127.2699
-110.683 -111.1969 59.3909
-80.6701 -4.2183 72.9887
-43.463 22.0325 41.2641
-23.0264 20.6272 21.1591
-12.8986 15.3217 11.2062
-7.7136 10.9329 6.2908
-4.8939 7.8465 3.7418
-3.2645 5.7374 2.3426
-2.2707 4.2862 1.5325

-1.1766 3.8372 -1.1989
-1.6645 5.0631 -1.7721
-2.4439 6.8346 -2.7218
-3.751 9.4547 -4.3745
-6.0708 13.3938 -7.4168
-10.4573 19.2718 -13.3733
-19.2935 27.2642 -25.7333
-37.7192 33.362 -51.902
-72.2678 12.9099 -99.1132
-98.9697 -99.9625 -114.7343
-22.4632 -205.6451 65.8798
56.567 -58.2866 198.7257
41.5965 43.4198 129.7789
19.0867 48.5831 62.0827
8.2272 34.6383 29.4284
3.6517 23.0522 14.8878
1.6841 15.4717 8.1103
0 10.6725 4.7227
0 7.5887 2.9104
0 5.5522 1.8808

0 4.0063 -1.2374
-1.2488 5.3261 -1.8391
-1.8128 7.2629 -2.8457
-2.7529 10.1905 -4.6204
-4.4179 14.7396 -7.9489
-7.5842 21.9131 -14.6508
-14.0988 32.8169 -29.1946
-28.4371 45.3499 -62.4756
-59.1222 34.2859 -132.619
-98.0493 -97.7221 -188.8019
-57.9133 -261.4431 49.0871
10.0077 -68.7684 247.2174
11.5541 53.2236 151.6623
4.1479 54.081 68.3165
0 36.8547 31.2181
0 23.9268 15.4575
0 15.8276 8.312
0 10.821 4.8007
0 7.6504 2.9426
0 5.576 1.8947

0 4.1201 -1.2618
0 5.4999 -1.8807
-1.1079 7.5406 -2.9208
-1.6101 10.6584 -4.7663
-2.4558 15.5808 -8.2581
-3.9781 23.5449 -15.3808
-6.9448 36.2573 -31.1592
-13.2448 53.0817 -68.5827
-27.381 50.3903 -153.455
-55.1024 -83.8339 -245.8666
-76.589 -285.8341 0
-55.1024 -83.8339 245.8666
-27.381 50.3903 153.455
-13.2448 53.0817 68.5827
-6.9448 36.2573 31.1592
-3.9781 23.5449 15.3808
-2.4558 15.5808 8.2581
-1.6101 10.6584 4.7663
-1.1079 7.5406 2.9208
0 5.4999 1.8807

0 4.1742 -1.271
0 5.576 -1.8947
0 7.6504 -2.9426
0 10.821 -4.8007
0 15.8276 -8.312
0 23.9268 -15.4575
0 36.8547 -31.2181
4.1479 54.081 -68.3165
11.5541 53.2236 -151.6623
10.0077 -68.7684 -247.2174
-57.9133 -261.4431 -49.0871
-98.0493 -97.7221 188.8019
-59.1222 34.2859 132.619
-28.4371 45.3499 62.4756
-14.0988 32.8169 29.1946
-7.5842 21.9131 14.6508
-4.4179 14.7396 7.9489
-2.7529 10.1905 4.6204
-1.8128 7.2629 2.8457
-1.2488 5.3261 1.8391

0 4.1672 -1.265
0 5.5522 -1.8808
0 7.5887 -2.9104
0 10.6725 -4.7227
1.6841 15.4717 -8.1103
3.6517 23.0522 -14.8878
8.2272 34.6383 -29.4284
19.0867 48.5831 -62.0827
41.5965 43.4198 -129.7789
56.567 -58.2866 -198.7257
-22.4632 -205.6451 -65.8798
-98.9697 -99.9625 114.7343
-72.2678 12.9099 99.1132
-37.7192 33.362 51.902
-19.2935 27.2642 25.7333
-10.4573 19.2718 13.3733
-6.0708 13.3938 7.4168
-3.751 9.4547 4.3745
-2.4439 6.8346 2.7218
-1.6645 5.0631 1.7721

0 4.1434 -1.2754
0 5.4949 -1.8909
-1.4568 7.4661 -2.9154
-2.3525 10.4186 -4.7091
-4.0142 14.9419 -8.0374
-7.3033 21.9085 -14.629
-14.2458 32.0431 -28.5538
-29.4049 42.4179 -59.0028
-58.9405 29.1584 -118.4832
-80.5117 -81.9157 -162.2588
0 -212.8994 0
80.5117 -81.9157 162.2588
58.9405 29.1584 118.4832
29.4049 42.4179 59.0028
14.2458 32.0431 28.5538
7.3033 21.9085 14.629
4.0142 14.9419 8.0374
2.3525 10.4186 4.7091
1.4568 7.4661 2.9154
0 5.4949 1.8909

0 4.2345 -1.2985
0 5.6433 -1.9328
0 7.7197 -2.9962
-1.2181 10.8763 -4.8767
-2.1019 15.8227 -8.4172
-3.8902 23.7285 -15.5852
-7.8003 36.0647 -31.2719
-16.8673 51.4692 -67.703
-36.5848 45.2982 -147.1548
-55.9344 -86.1818 -225.7002
0 -270.6658 0
55.9344 -86.1818 225.7002
36.5848 45.2982 147.1548
16.8673 51.4692 67.703
7.8003 36.0647 31.2719
3.8902 23.7285 15.5852
2.1019 15.8227 8.4172
1.2181 10.8763 4.8767
0 7.7197 2.9962
0 5.6433 1.9328

0 4.2655 -1.3063
0 5.6939 -1.947
0 7.8066 -3.0238
0 11.0344 -4.9344
0 16.1304 -8.5494
0 24.3755 -15.9234
0 37.5363 -32.2584
0 54.9542 -71.002
0 52.1679 -158.8683
0 -86.7912 -254.5398
0 -295.9172 0
0 -86.7912 254.5398
0 52.1679 158.8683
0 54.9542 71.002
0 37.5363 32.2584
0 24.3755 15.9234
0 16.1304 8.5494
0 11.0344 4.9344
0 7.8066 3.0238
0 5.6939 1.947

0 4.2345 -1.2985
0 5.6433 -1.9328
0 7.7197 -2.9962
1.2181 10.8763 -4.8767
2.1019 15.8227 -8.4172
3.8902 23.7285 -15.5852
7.8003 36.0647 -31.2719
16.8673 51.4692 -67.703
36.5848 45.2982 -147.1548
55.9344 -86.1818 -225.7002
0 -270.6658 0
-55.9344 -86.1818 225.7002
-36.5848 45.2982 147.1548
-16.8673 51.4692 67.703
-7.8003 36.0647 31.2719
-3.8902 23.7285 15.5852
-2.1019 15.8227 8.4172
-1.2181 10.8763 4.8767
0 7.7197 2.9962
0 5.6433 1.9328

0 4.1434 -1.2754
0 5.4949 -1.8909
1.4568 7.4661 -2.9154
2.3525 10.4186 -4.7091
4.0142 14.9419 -8.0374
7.3033 21.9085 -14.629
14.2458 32.0431 -28.5538
29.4049 42.4179 -59.0028
58.9405 29.1584 -118.4832
80.5117 -81.9157 -162.2588
0 -212.8994 0
-80.5117 -81.9157 162.2588
-58.9405 29.1584 118.4832
-29.4049 42.4179 59.0028
-14.2458 32.0431 28.5538
-7.3033 21.9085 14.629
-4.0142 14.9419 8.0374
-2.3525 10.4186 4.7091
-1.4568 7.4661 2.9154
0 5.4949 1.8909

0 4.1672 -1.265
0 5.5522 -1.8808
0 7.5887 -2.9104
0 10.6725 -4.7227
-1.6841 15.4717 -8.1103
-3.6517 23.0522 -14.8878
-8.2272 34.6383 -29.4284
-19.0867 48.5831 -62.0827
-41.5965 43.4198 -129.7789
-56.567 -58.2866 -198.7257
22.4632 -205.6451 -65.8798
98.9697 -99.9625 114.7343
72.2678 12.9099 99.1132
37.7192 33.362 51.902
19.2935 27.2642 25.7333
10.4573 19.2718 13.3733
6.0708 13.3938 7.4168
3.751 9.4547 4.3745
2.4439 6.8346 2.7218
1.6645 5.0631 1.7721

0 4.1742 -1.271
0 5.576 -1.8947
0 7.6504 -2.9426
0 10.821 -4.8007
0 15.8276 -8.312
0 23.9268 -15.4575
0 36.8547 -31.2181
-4.1479 54.081 -68.3165
-11.5541 53.2236 -151.6623
-10.0077 -68.7684 -247.2174
57.9133 -261.4431 -49.0871
98.0493 -97.7221 188.8019
59.1222 34.2859 132.619
28.4371 45.3499 62.4756
14.0988 32.8169 29.1946
7.5842 21.9131 14.6508
4.4179 14.7396 7.9489
2.7529 10.1905 4.6204
1.8128 7.2629 2.8457
1.2488 5.3261 1.8391

0 4.1201 -1.2618
0 5.4999 -1.8807
1.1079 7.5406 -2.9208
1.6101 10.6584 -4.7663
2.4558 15.5808 -8.2581
3.9781 23.5449 -15.3808
6.9448 36.2573 -31.1592
13.2448 53.0817 -68.5827
27.381 50.3903 -153.455
55.1024 -83.8339 -245.8666
76.589 -285.8341 0
55.1024 -83.8339 245.8666
27.381 50.3903 153.455
13.2448 53.0817 68.5827
6.9448 36.2573 31.1592
3.9781 23.5449 15.3808
2.4558 15.5808 8.2581
1.6101 10.6584 4.7663
1.1079 7.5406 2.9208
0 5.4999 1.8807

0 4.0063 -1.2374
1.2488 5.3261 -1.8391
1.8128 7.2629 -2.8457
2.7529 10.1905 -4.6204
4.4179 14.7396 -7.9489
7.5842 21.9131 -14.6508
14.0988 32.8169 -29.1946
28.4371 45.3499 -62.4756
59.1222 34.2859 -132.619
98.0493 -97.7221 -188.8019
57.9133 -261.4431 49.0871
-10.0077 -68.7684 247.2174
-11.5541 53.2236 151.6623
-4.1479 54.081 68.3165
0 36.8547 31.2181
0 23.9268 15.4575
0 15.8276 8.312
0 10.821 4.8007
0 7.6504 2.9426
0 5.576 1.8947

1.1766 3.8372 -1.1989
1.6645 5.0631 -1.7721
2.4439 6.8346 -2.7218
3.751 9.4547 -4.3745
6.0708 13.3938 -7.4168
10.4573 19.2718 -13.3733
19.2935 27.2642 -25.7333
37.7192 33.362 -51.902
72.2678 12.9099 -99.1132
98.9697 -99.9625 -114.7343
22.4632 -205.6451 65.8798
-56.567 -58.2866 198.7257
-41.5965 43.4198 129.7789
-19.0867 48.5831 62.0827
-8.2272 34.6383 29.4284
-3.6517 23.0522 14.8878
-1.6841 15.4717 8.1103
0 10.6725 4.7227
0 7.5887 2.9104
0 5.5522 1.8808

0 3.907 -1.1683
0 5.2312 -1.7426
0 7.1942 -2.7071
0 10.199 -4.4145
0 14.9471 -7.6304
0 22.625 -14.132
-1.6479 34.873 -28.2975
-7.4678 51.4375 -60.9317
-21.4178 54.7221 -132.2303
-28.7673 -30.6853 -221.6497
43.3956 -184.3763 -127.2699
110.683 -111.1969 59.3909
80.6701 -4.2183 72.9887
43.463 22.0325 41.2641
23.0264 20.6272 21.1591
12.8986 15.3217 11.2062
7.7136 10.9329 6.2908
4.8939 7.8465 3.7418
3.2645 5.7374 2.3426
2.2707 4.2862 1.5325

0 3.8294 -1.157
1.0931 5.1287 -1.7275
1.4569 7.0597 -2.6884
1.9902 10.0282 -4.3975
2.7922 14.7538 -7.6402
4.0232 22.4946 -14.2765
5.9261 35.1331 -29.0368
8.8541 53.0073 -64.2744
14.264 57.5218 -145.8342
36.6011 -46.6684 -251.8872
111.8799 -234.4035 -94.8291
133.4823 -102.6028 139.0371
77.6306 20.9371 109.0455
38.0691 36.14 52.9906
19.4366 27.3328 25.1278
10.7613 18.6044 12.7179
6.4328 12.6519 6.9388
4.1001 8.8101 4.0492
2.7534 6.3112 2.5012
1.9295 4.6458 1.6201

1.1316 3.694 -1.1313
1.5315 4.9311 -1.6862
2.1403 6.7607 -2.6187
3.1106 9.5561 -4.2733
4.7442 13.9693 -7.404
7.6851 21.1098 -13.7901
13.4164 32.5074 -27.9366
25.5869 47.5917 -61.4896
52.8961 45.1787 -137.584
106.4497 -75.1634 -220.438
147.9586 -256.2718 0
106.4497 -75.1634 220.438
52.8961 45.1787 137.584
25.5869 47.5917 61.4896
13.4164 32.5074 27.9366
7.6851 21.1098 13.7901
4.7442 13.9693 7.404
3.1106 9.5561 4.2733
2.1403 6.7607 2.6187
1.5315 4.9311 1.6862

1.4004 3.505 -1.092
1.9295 4.6458 -1.6201
2.7534 6.3112 -2.5012
4.1001 8.8101 -4.0492
6.4328 12.6519 -6.9388
10.7613 18.6044 -12.7179
19.4366 27.3328 -25.1278
38.0691 36.14 -52.9906
77.6306 20.9371 -109.0455
133.4823 -102.6028 -139.0371
111.8799 -234.4035 94.8291
36.6011 -46.6684 251.8872
14.264 57.5218 145.8342
8.8541 53.0073 64.2744
5.9261 35.1331 29.0368
4.0232 22.4946 14.2765
2.7922 14.7538 7.6402
1.9902 10.0282 4.3975
1.4569 7.0597 2.6884
1.0931 5.1287 1.7275

1.6356 3.2696 -1.0408
2.2707 4.2862 -1.5325
3.2645 5.7374 -2.3426
4.8939 7.8465 -3.7418
7.7136 10.9329 -6.2908
12.8986 15.3217 -11.2062
23.0264 20.6272 -21.1591
43.463 22.0325 -41.2641
80.6701 -4.2183 -72.9887
110.683 -111.1969 -59.3909
43.3956 -184.3763 127.2699
-28.7673 -30.6853 221.6497
-21.4178 54.7221 132.2303
-7.4678 51.4375 60.9317
-1.6479 34.873 28.2975
0 22.625 14.132
0 14.9471 7.6304
0 10.199 4.4145
0 7.1942 2.7071
0 5.2312 1.7426

1.0817 3.3805 0
1.3857 4.5536 -1.4856
1.8025 6.3094 -2.3192
2.3762 9.0306 -3.8055
3.1538 13.404 -6.6305
4.1324 20.6559 -12.4131
5.0436 32.7311 -25.2382
4.66 50.7864 -55.6284
0 62.2953 -125.6704
0 0 -229.4686
61.3707 -150.5426 -179.9868
114.8535 -114.8535 0
83.5749 -21.0591 41.8901
46.2449 9.2016 27.8142
25.1902 12.5846 15.1429
14.4609 10.3274 8.2754
8.8308 7.727 4.7361
5.7032 5.7036 2.8541
3.8626 4.2492 1.8038
2.7221 3.2173 1.1885

1.3536 3.2237 0
1.7958 4.3319 -1.4426
2.4479 5.9879 -2.2511
3.4452 8.5521 -3.6946
5.0368 12.6746 -6.4479
7.7034 19.5294 -12.1225
12.4184 31.0172 -24.8766
21.2527 48.3212 -55.8521
39.11 57.9 -130.0677
80.7155 -21.3882 -239.3912
158.2221 -191.3896 -134.1086
159.8187 -100.4913 79.7971
90.8486 6.1614 78.0406
45.1067 24.4673 39.8944
23.4497 19.9859 19.3485
13.205 14.0278 9.9184
8.0094 9.7021 5.4559
5.1679 6.8294 3.202
3.5065 4.9293 1.9862
2.4788 3.649 1.2908

1.6003 3.0161 0
2.1658 4.0262 -1.3768
3.0269 5.5201 -2.1382
4.399 7.8025 -3.4892
6.7094 11.4059 -6.0453
10.8683 17.236 -11.2595
18.9737 26.5422 -22.8102
36.1854 38.8585 -50.206
74.8064 36.8882 -112.3368
150.5426 -61.3707 -179.9868
209.2451 -209.2451 0
150.5426 -61.3707 179.9868
74.8064 36.8882 112.3368
36.1854 38.8585 50.206
18.9737 26.5422 22.8102
10.8683 17.236 11.2595
6.7094 11.4059 6.0453
4.399 7.8025 3.4892
3.0269 5.5201 2.1382
2.1658 4.0262 1.3768

1.8125 2.7648 0
2.4788 3.649 -1.2908
3.5065 4.9293 -1.9862
5.1679 6.8294 -3.202
8.0094 9.7021 -5.4559
13.205 14.0278 -9.9184
23.4497 19.9859 -19.3485
45.1067 24.4673 -39.8944
90.8486 6.1614 -78.0406
159.8187 -100.4913 -79.7971
158.2221 -191.3896 134.1086
80.7155 -21.3882 239.3912
39.11 57.9 130.0677
21.2527 48.3212 55.8521
12.4184 31.0172 24.8766
7.7034 19.5294 12.1225
5.0368 12.6746 6.4479
3.4452 8.5521 3.6946
2.4479 5.9879 2.2511
1.7958 4.3319 1.4426

1.9831 2.4791 0
2.7221 3.2173 -1.1885
3.8626 4.2492 -1.8038
5.7032 5.7036 -2.8541
8.8308 7.727 -4.7361
14.4609 10.3274 -8.2754
25.1902 12.5846 -15.1429
46.2449 9.2016 -27.8142
83.5749 -21.0591 -41.8901
114.8535 -114.8535 0
61.3707 -150.5426 179.9868
0 0 229.4686
0 62.2953 125.6704
4.66 50.7864 55.6284
5.0436 32.7311 25.2382
4.1324 20.6559 12.4131
3.1538 13.404 6.6305
2.3762 9.0306 3.8055
1.8025 6.3094 2.3192
1.3857 4.5536 1.4856

1.5581 2.6237 0
2.043 3.5658 -1.1274
2.7408 4.9946 -1.7733
3.7714 7.2467 -2.9371
5.3319 10.9473 -5.1788
7.7344 17.2791 -9.8483
11.3915 28.3587 -20.459
16.4703 46.6744 -46.534
21.8438 65.6231 -110.5464
30.6853 28.7673 -221.6497
75.1634 -106.4497 -220.438
111.1969 -110.683 -59.3909
80.7843 -36.4648 7.9369
45.8752 -4.2564 12.4688
25.6372 3.6843 8.0948
15.0377 4.6294 4.7807
9.3462 3.9945 2.8586
6.1239 3.172 1.7719
4.1975 2.4715 1.1421
2.988 1.9291 0

1.7766 2.3983 0
2.3762 3.2399 -1.0594
3.272 4.5081 -1.6603
4.6653 6.4931 -2.74
6.9382 9.7317 -4.8161
10.8587 15.2333 -9.1423
18.0645 24.7876 -19.0212
32.203 40.3421 -43.6236
61.2907 54.3325 -105.4374
119.3294 5.3497 -210.5812
193.7817 -135.3329 -164.2488
175.2637 -91.5315 15.119
97.8754 -9.0342 41.7175
49.0703 11.1271 24.0794
25.8648 11.2771 12.2507
14.7489 8.4952 6.4429
9.0401 6.0911 3.6012
5.8834 4.3832 2.1367
4.0206 3.2116 1.3359
2.8591 2.4034 0

1.9599 2.1327 0
2.6526 2.847 0
3.7072 3.9033 -1.5119
5.3876 5.5172 -2.4672
8.2173 8.0652 -4.2747
13.3109 12.1877 -7.9617
23.2379 18.7682 -16.1292
44.3178 27.4771 -35.501
91.6187 26.0839 -79.4341
184.3763 -43.3956 -127.2699
256.2718 -147.9586 0
184.3763 -43.3956 127.2699
91.6187 26.0839 79.4341
44.3178 27.4771 35.501
23.2379 18.7682 16.1292
13.3109 12.1877 7.9617
8.2173 8.0652 4.2747
5.3876 5.5172 2.4672
3.7072 3.9033 1.5119
2.6526 2.847 0

2.1011 1.8363 0
2.8591 2.4034 0
4.0206 3.2116 -1.3359
5.8834 4.3832 -2.1367
9.0401 6.0911 -3.6012
14.7489 8.4952 -6.4429
25.8648 11.2771 -12.2507
49.0703 11.1271 -24.0794
97.8754 -9.0342 -41.7175
175.2637 -91.5315 -15.119
193.7817 -135.3329 164.2488
119.3294 5.3497 210.5812
61.2907 54.3325 105.4374
32.203 40.3421 43.6236
18.0645 24.7876 19.0212
10.8587 15.2333 9.1423
6.9382 9.7317 4.8161
4.6653 6.4931 2.74
3.272 4.5081 1.6603
2.3762 3.2399 1.0594

2.1955 1.5197 0
2.988 1.9291 0
4.1975 2.4715 -1.1421
6.1239 3.172 -1.7719
9.3462 3.9945 -2.8586
15.0377 4.6294 -4.7807
25.6372 3.6843 -8.0948
45.8752 -4.2564 -12.4688
80.7843 -36.4648 -7.9369
111.1969 -110.683 59.3909
75.1634 -106.4497 220.438
30.6853 28.7673 221.6497
21.8438 65.6231 110.5464
16.4703 46.6744 46.534
11.3915 28.3587 20.459
7.7344 17.2791 9.8483
5.3319 10.9473 5.1788
3.7714 7.2467 2.9371
2.7408 4.9946 1.7733
2.043 3.5658 1.1274

1.9283 1.6881 0
2.5611 2.3349 0
3.4923 3.3395 -1.1066
4.9095 4.9689 -1.8686
7.1467 7.7447 -3.3742
10.8093 12.7248 -6.6124
16.963 22.0537 -14.2855
27.1581 39.3815 -34.2685
41.9784 64.4789 -87.8887
58.2866 56.567 -198.7257
83.8339 -55.1024 -245.8666
99.9625 -98.9697 -114.7343
72.4883 -49.3854 -26.5573
42.3792 -17.4244 -3.7264
24.3371 -5.467 0
14.5897 -1.3841 0
9.2246 0 0
6.1272 0 0
4.2464 0 0
3.0503 0 0

2.0785 1.4094 0
2.7946 1.9271 0
3.8732 2.721 0
5.5675 3.9916 -1.5986
8.3667 6.1255 -2.8561
13.2739 9.899 -5.5392
22.4795 16.8687 -11.8696
40.9587 29.6137 -28.4222
79.2945 47.0622 -73.6216
149.8111 31.723 -167.4203
216.1354 -70.0535 -183.1957
178.7648 -76.334 -50.5893
98.2322 -23.6141 2.5513
49.6899 -2.9713 6.6235
26.5173 1.7997 4.318
15.2876 2.3837 2.5283
9.4547 2.0649 1.501
6.1981 1.6384 0
4.2606 1.275 0
3.0446 0 0

2.186 1.104 0
2.9586 1.4737 0
4.1348 2.0205 0
6.0091 2.8559 -1.2771
9.1652 4.1749 -2.2127
14.8464 6.3088 -4.1213
25.9185 9.7151 -8.3491
49.4301 14.2232 -18.3767
102.1874 13.502 -41.1181
205.6451 -22.4632 -65.8798
285.8341 -76.589 0
205.6451 -22.4632 65.8798
102.1874 13.502 41.1181
49.4301 14.2232 18.3767
25.9185 9.7151 8.3491
14.8464 6.3088 4.1213
9.1652 4.1749 2.2127
6.0091 2.8559 1.2771
4.1348 2.0205 0
2.9586 1.4737 0

2.2465 0 0
3.0446 0 0
4.2606 1.275 0
6.1981 1.6384 0
9.4547 2.0649 -1.501
15.2876 2.3837 -2.5283
26.5173 1.7997 -4.318
49.6899 -2.9713 -6.6235
98.2322 -23.6141 -2.5513
178.7648 -76.334 50.5893
216.1354 -70.0535 183.1957
149.8111 31.723 167.4203
79.2945 47.0622 73.6216
40.9587 29.6137 28.4222
22.4795 16.8687 11.8696
13.2739 9.899 5.5392
8.3667 6.1255 2.8561
5.5675 3.9916 1.5986
3.8732 2.721 0
2.7946 1.9271 0

2.2583 0 0
3.0503 0 0
4.2464 0 0
6.1272 0 0
9.2246 0 0
14.5897 -1.3841 0
24.3371 -5.467 0
42.3792 -17.4244 3.7264
72.4883 -49.3854 26.5573
99.9625 -98.9697 114.7343
83.8339 -55.1024 245.8666
58.2866 56.567 198.7257
41.9784 64.4789 87.8887
27.1581 39.3815 34.2685
16.963 22.0537 14.2855
10.8093 12.7248 6.6124
7.1467 7.7447 3.3742
4.9095 4.9689 1.8686
3.4923 3.3395 1.1066
2.5611 2.3349 0

2.1671 0 0
2.9047 0 0
4.0058 1.4568 0
5.713 2.3525 0
8.4744 4.0142 -1.3396
13.1475 7.3033 -2.9258
21.3785 14.2458 -7.1384
35.9952 29.4049 -19.6676
59.2523 58.9405 -59.2416
81.9157 80.5117 -162.2588
86.7912 0 -254.5398
81.9157 -80.5117 -162.2588
59.2523 -58.9405 -59.2416
35.9952 -29.4049 -19.6676
21.3785 -14.2458 -7.1384
13.1475 -7.3033 -2.9258
8.4744 -4.0142 -1.3396
5.713 -2.3525 0
4.0058 -1.4568 0
2.9047 0 0

2.2388 0 0
3.0226 0 0
4.2104 0 0
6.0903 1.2181 0
9.225 2.1019 0
14.7845 3.8902 -1.5585
25.3626 7.8003 -3.909
46.9232 16.8673 -11.2838
91.8946 36.5848 -36.7887
170.0834 55.9344 -112.8501
223.7598 0 -189.6581
170.0834 -55.9344 -112.8501
91.8946 -36.5848 -36.7887
46.9232 -16.8673 -11.2838
25.3626 -7.8003 -3.909
14.7845 -3.8902 -1.5585
9.225 -2.1019 0
6.0903 -1.2181 0
4.2104 0 0
3.0226 0 0

2.2631 0 0
3.0629 0 0
4.2807 0 0
6.2211 0 0
9.4885 0 0
15.3701 0 0
26.8328 0 0
51.1738 0 0
105.7922 0 0
212.8994 0 0
295.9172 0 0
212.8994 0 0
105.7922 0 0
51.1738 0 0
26.8328 0 0
15.3701 0 0
9.4885 0 0
6.2211 0 0
4.2807 0 0
3.0629 0 0

2.2388 0 0
3.0226 0 0
4.2104 0 0
6.0903 -1.2181 0
9.225 -2.1019 0
14.7845 -3.8902 1.5585
25.3626 -7.8003 3.909
46.9232 -16.8673 11.2838
91.8946 -36.5848 36.7887
170.0834 -55.9344 112.8501
223.7598 0 189.6581
170.0834 55.9344 112.8501
91.8946 36.5848 36.7887
46.9232 16.8673 11.2838
25.3626 7.8003 3.909
14.7845 3.8902 1.5585
9.225 2.1019 0
6.0903 1.2181 0
4.2104 0 0
3.0226 0 0

2.1671 0 0
2.9047 0 0
4.0058 -1.4568 0
5.713 -2.3525 0
8.4744 -4.0142 1.3396
13.1475 -7.3033 2.9258
21.3785 -14.2458 7.1384
35.9952 -29.4049 19.6676
59.2523 -58.9405 59.2416
81.9157 -80.5117 162.2588
86.7912 0 254.5398
81.9157 80.5117 162.2588
59.2523 58.9405 59.2416
35.9952 29.4049 19.6676
21.3785 14.2458 7.1384
13.1475 7.3033 2.9258
8.4744 4.0142 1.3396
5.713 2.3525 0
4.0058 1.4568 0
2.9047 0 0

2.2583 0 0
3.0503 0 0
4.2464 0 0
6.1272 0 0
9.2246 0 0
14.5897 1.3841 0
24.3371 5.467 0
42.3792 17.4244 -3.7264
72.4883 49.3854 -26.5573
99.9625 98.9697 -114.7343
83.8339 55.1024 -245.8666
58.2866 -56.567 -198.7257
41.9784 -64.4789 -87.8887
27.1581 -39.3815 -34.2685
16.963 -22.0537 -14.2855
10.8093 -12.7248 -6.6124
7.1467 -7.7447 -3.3742
4.9095 -4.9689 -1.8686
3.4923 -3.3395 -1.1066
2.5611 -2.3349 0

2.2465 0 0
3.0446 0 0
4.2606 -1.275 0
6.1981 -1.6384 0
9.4547 -2.0649 1.501
15.2876 -2.3837 2.5283
26.5173 -1.7997 4.318
49.6899 2.9713 6.6235
98.2322 23.6141 2.5513
178.7648 76.334 -50.5893
216.1354 70.0535 -183.1957
149.8111 -31.723 -167.4203
79.2945 -47.0622 -73.6216
40.9587 -29.6137 -28.4222
22.4795 -16.8687 -11.8696
13.2739 -9.899 -5.5392
8.3667 -6.1255 -2.8561
5.5675 -3.9916 -1.5986
3.8732 -2.721 0
2.7946 -1.9271 0

2.186 -1.104 0
2.9586 -1.4737 0
4.1348 -2.0205 0
6.0091 -2.8559 1.2771
9.1652 -4.1749 2.2127
14.8464 -6.3088 4.1213
25.9185 -9.7151 8.3491
49.4301 -14.2232 18.3767
102.1874 -13.502 41.1181
205.6451 22.4632 65.8798
285.8341 76.589 0
205.6451 22.4632 -65.8798
102.1874 -13.502 -41.1181
49.4301 -14.2232 -18.3767
25.9185 -9.7151 -8.3491
14.8464 -6.3088 -4.1213
9.1652 -4.1749 -2.2127
6.0091 -2.8559 -1.2771
4.1348 -2.0205 0
2.9586 -1.4737 0

2.0785 -1.4094 0
2.7946 -1.9271 0
3.8732 -2.721 0
5.5675 -3.9916 1.5986
8.3667 -6.1255 2.8561
13.2739 -9.899 5.5392
22.4795 -16.8687 11.8696
40.9587 -29.6137 28.4222
79.2945 -47.0622 73.6216
149.8111 -31.723 167.4203
216.1354 70.0535 183.1957
178.7648 76.334 50.5893
98.2322 23.6141 -2.5513
49.6899 2.9713 -6.6235
26.5173 -1.7997 -4.318
15.2876 -2.3837 -2.5283
9.4547 -2.0649 -1.501
6.1981 -1.6384 0
4.2606 -1.275 0
3.0446 0 0

1.9283 -1.6881 0
2.5611 -2.3349 0
3.4923 -3.3395 1.1066
4.9095 -4.9689 1.8686
7.1467 -7.7447 3.3742
10.8093 -12.7248 6.6124
16.963 -22.0537 14.2855
27.1581 -39.3815 34.2685
41.9784 -64.4789 87.8887
58.2866 -56.567 198.7257
83.8339 55.1024 245.8666
99.9625 98.9697 114.7343
72.4883 49.3854 26.5573
42.3792 17.4244 3.7264
24.3371 5.467 0
14.5897 1.3841 0
9.2246 0 0
6.1272 0 0
4.2464 0 0
3.0503 0 0

2.1955 -1.5197 0
2.988 -1.9291 0
4.1975 -2.4715 1.1421
6.1239 -3.172 1.7719
9.3462 -3.9945 2.8586
15.0377 -4.6294 4.7807
25.6372 -3.6843 8.0948
45.8752 4.2564 12.4688
80.7843 36.4648 7.9369
111.1969 110.683 -59.3909
75.1634 106.4497 -220.438
30.6853 -28.7673 -221.6497
21.8438 -65.6231 -110.5464
16.4703 -46.6744 -46.534
11.3915 -28.3587 -20.459
7.7344 -17.2791 -9.8483
5.3319 -10.9473 -5.1788
3.7714 -7.2467 -2.9371
2.7408 -4.9946 -1.7733
2.043 -3.5658 -1.1274

2.1011 -1.8363 0
2.8591 -2.4034 0
4.0206 -3.2116 1.3359
5.8834 -4.3832 2.1367
9.0401 -6.0911 3.6012
14.7489 -8.4952 6.4429
25.8648 -11.2771 12.2507
49.0703 -11.1271 24.0794
97.8754 9.0342 41.7175
175.2637 91.5315 15.119
193.7817 135.3329 -164.2488
119.3294 -5.3497 -210.5812
61.2907 -54.3325 -105.4374
32.203 -40.3421 -43.6236
18.0645 -24.7876 -19.0212
10.8587 -15.2333 -9.1423
6.9382 -9.7317 -4.8161
4.6653 -6.4931 -2.74
3.272 -4.5081 -1.6603
2.3762 -3.2399 -1.0594

1.9599 -2.1327 0
2.6526 -2.847 0
3.7072 -3.9033 1.5119
5.3876 -5.5172 2.4672
8.2173 -8.0652 4.2747
13.3109 -12.1877 7.9617
23.2379 -18.7682 16.1292
44.3178 -27.4771 35.501
91.6187 -26.0839 79.4341
184.3763 43.3956 127.2699
256.2718 147.9586 0
184.3763 43.3956 -127.2699
91.6187 -26.0839 -79.4341
44.3178 -27.4771 -35.501
23.2379 -18.7682 -16.1292
13.3109 -12.1877 -7.9617
8.2173 -8.0652 -4.2747
5.3876 -5.5172 -2.4672
3.7072 -3.9033 -1.5119
2.6526 -2.847 0

1.7766 -2.3983 0
2.3762 -3.2399 1.0594
3.272 -4.5081 1.6603
4.6653 -6.4931 2.74
6.9382 -9.7317 4.8161
10.8587 -15.2333 9.1423
18.0645 -24.7876 19.0212
32.203 -40.3421 43.6236
61.2907 -54.3325 105.4374
119.3294 -5.3497 210.5812
193.7817 135.3329 164.2488
175.2637 91.5315 -15.119
97.8754 9.0342 -41.7175
49.0703 -11.1271 -24.0794
25.8648 -11.2771 -12.2507
14.7489 -8.4952 -6.4429
9.0401 -6.0911 -3.6012
5.8834 -4.3832 -2.1367
4.0206 -3.2116 -1.3359
2.8591 -2.4034 0

1.5581 -2.6237 0
2.043 -3.5658 1.1274
2.7408 -4.9946 1.7733
3.7714 -7.2467 2.9371
5.3319 -10.9473 5.1788
7.7344 -17.2791 9.8483
11.3915 -28.3587 20.459
16.4703 -46.6744 46.534
21.8438 -65.6231 110.5464
30.6853 -28.7673 221.6497
75.1634 106.4497 220.438
111.1969 110.683 59.3909
80.7843 36.4648 -7.9369
45.8752 4.2564 -12.4688
25.6372 -3.6843 -8.0948
15.0377 -4.6294 -4.7807
9.3462 -3.9945 -2.8586
6.1239 -3.172 -1.7719
4.1975 -2.4715 -1.1421
2.988 -1.9291 0

1.9831 -2.4791 0
2.7221 -3.2173 1.1885
3.8626 -4.2492 1.8038
5.7032 -5.7036 2.8541
8.8308 -7.727 4.7361
14.4609 -10.3274 8.2754
25.1902 -12.5846 15.1429
46.2449 -9.2016 27.8142
83.5749 21.0591 41.8901
114.8535 114.8535 0
61.3707 150.5426 -179.9868
0 0 -229.4686
0 -62.2953 -125.6704
4.66 -50.7864 -55.6284
5.0436 -32.7311 -25.2382
4.1324 -20.6559 -12.4131
3.1538 -13.404 -6.6305
2.3762 -9.0306 -3.8055
1.8025 -6.3094 -2.3192
1.3857 -4.5536 -1.4856

1.8125 -2.7648 0
2.4788 -3.649 1.2908
3.5065 -4.9293 1.9862
5.1679 -6.8294 3.202
8.0094 -9.7021 5.4559
13.205 -14.0278 9.9184
23.4497 -19.9859 19.3485
45.1067 -24.4673 39.8944
90.8486 -6.1614 78.0406
159.8187 100.4913 79.7971
158.2221 191.3896 -134.1086
80.7155 21.3882 -239.3912
39.11 -57.9 -130.0677
21.2527 -48.3212 -55.8521
12.4184 -31.0172 -24.8766
7.7034 -19.5294 -12.1225
5.0368 -12.6746 -6.4479
3.4452 -8.5521 -3.6946
2.4479 -5.9879 -2.2511
1.7958 -4.3319 -1.4426

1.6003 -3.0161 0
2.1658 -4.0262 1.3768
3.0269 -5.5201 2.1382
4.399 -7.8025 3.4892
6.7094 -11.4059 6.0453
10.8683 -17.236 11.2595
18.9737 -26.5422 22.8102
36.1854 -38.8585 50.206
74.8064 -36.8882 112.3368
150.5426 61.3707 179.9868
209.2451 209.2451 0
150.5426 61.3707 -179.9868
74.8064 -36.8882 -112.3368
36.1854 -38.8585 -50.206
18.9737 -26.5422 -22.8102
10.8683 -17.236 -11.2595
6.7094 -11.4059 -6.0453
4.399 -7.8025 -3.4892
3.0269 -5.5201 -2.1382
2.1658 -4.0262 -1.3768

1.3536 -3.2237 0
1.7958 -4.3319 1.4426
2.4479 -5.9879 2.2511
3.4452 -8.5521 3.6946
5.0368 -12.6746 6.4479
7.7034 -19.5294 12.1225
12.4184 -31.0172 24.8766
21.2527 -48.3212 55.8521
39.11 -57.9 130.0677
80.7155 21.3882 239.3912
158.2221 191.3896 134.1086
159.8187 100.4913 -79.7971
90.8486 -6.1614 -78.0406
45.1067 -24.4673 -39.8944
23.4497 -19.9859 -19.3485
13.205 -14.0278 -9.9184
8.0094 -9.7021 -5.4559
5.1679 -6.8294 -3.202
3.5065 -4.9293 -1.9862
2.4788 -3.649 -1.2908

1.0817 -3.3805 0
1.3857 -4.5536 1.4856
1.8025 -6.3094 2.3192
2.3762 -9.0306 3.8055
3.1538 -13.404 6.6305
4.1324 -20.6559 12.4131
5.0436 -32.7311 25.2382
4.66 -50.7864 55.6284
0 -62.2953 125.6704
0 0 229.4686
61.3707 150.5426 179.9868
114.8535 114.8535 0
83.5749 21.0591 -41.8901
46.2449 -9.2016 -27.8142
25.1902 -12.5846 -15.1429
14.4609 -10.3274 -8.2754
8.8308 -7.727 -4.7361
5.7032 -5.7036 -2.8541
3.8626 -4.2492 -1.8038
2.7221 -3.2173 -1.1885

1.6356 -3.2696 1.0408
2.2707 -4.2862 1.5325
3.2645 -5.7374 2.3426
4.8939 -7.8465 3.7418
7.7136 -10.9329 6.2908
12.8986 -15.3217 11.2062
23.0264 -20.6272 21.1591
43.463 -22.0325 41.2641
80.6701 4.2183 72.9887
110.683 111.1969 59.3909
43.3956 184.3763 -127.2699
-28.7673 30.6853 -221.6497
-21.4178 -54.7221 -132.2303
-7.4678 -51.4375 -60.9317
-1.6479 -34.873 -28.2975
0 -22.625 -14.132
0 -14.9471 -7.6304
0 -10.199 -4.4145
0 -7.1942 -2.7071
0 -5.2312 -1.7426

1.4004 -3.505 1.092
1.9295 -4.6458 1.6201
2.7534 -6.3112 2.5012
4.1001 -8.8101 4.0492
6.4328 -12.6519 6.9388
10.7613 -18.6044 12.7179
19.4366 -27.3328 25.1278
38.0691 -36.14 52.9906
77.6306 -20.9371 109.0455
133.4823 102.6028 139.0371
111.8799 234.4035 -94.8291
36.6011 46.6684 -251.8872
14.264 -57.5218 -145.8342
8.8541 -53.0073 -64.2744
5.9261 -35.1331 -29.0368
4.0232 -22.4946 -14.2765
2.7922 -14.7538 -7.6402
1.9902 -10.0282 -4.3975
1.4569 -7.0597 -2.6884
1.0931 -5.1287 -1.7275

1.1316 -3.694 1.1313
1.5315 -4.9311 1.6862
2.1403 -6.7607 2.6187
3.1106 -9.5561 4.2733
4.7442 -13.9693 7.404
7.6851 -21.1098 13.7901
13.4164 -32.5074 27.9366
25.5869 -47.5917 61.4896
52.8961 -45.1787 137.584
106.4497 75.1634 220.438
147.9586 256.2718 0
106.4497 75.1634 -220.438
52.8961 -45.1787 -137.584
25.5869 -47.5917 -61.4896
13.4164 -32.5074 -27.9366
7.6851 -21.1098 -13.7901
4.7442 -13.9693 -7.404
3.1106 -9.5561 -4.2733
2.1403 -6.7607 -2.6187
1.5315 -4.9311 -1.6862

0 -3.8294 1.157
1.0931 -5.1287 1.7275
1.4569 -7.0597 2.6884
1.9902 -10.0282 4.3975
2.7922 -14.7538 7.6402
4.0232 -22.4946 14.2765
5.9261 -35.1331 29.0368
8.8541 -53.0073 64.2744
14.264 -57.5218 145.8342
36.6011 46.6684 251.8872
111.8799 234.4035 94.8291
133.4823 102.6028 -139.0371
77.6306 -20.9371 -109.0455
38.0691 -36.14 -52.9906
19.4366 -27.3328 -25.1278
10.7613 -18.6044 -12.7179
6.4328 -12.6519 -6.9388
4.1001 -8.8101 -4.0492
2.7534 -6.3112 -2.5012
1.9295 -4.6458 -1.6201

0 -3.907 1.1683
0 -5.2312 1.7426
0 -7.1942 2.7071
0 -10.199 4.4145
0 -14.9471 7.6304
0 -22.625 14.132
-1.6479 -34.873 28.2975
-7.4678 -51.4375 60.9317
-21.4178 -54.7221 132.2303
-28.7673 30.6853 221.6497
43.3956 184.3763 127.2699
110.683 111.1969 -59.3909
80.6701 4.2183 -72.9887
43.463 -22.0325 -41.2641
23.0264 -20.6272 -21.1591
12.8986 -15.3217 -11.2062
7.7136 -10.9329 -6.2908
4.8939 -7.8465 -3.7418
3.2645 -5.7374 -2.3426
2.2707 -4.2862 -1.5325

1.1766 -3.8372 1.1989
1.6645 -5.0631 1.7721
2.4439 -6.8346 2.7218
3.751 -9.4547 4.3745
6.0708 -13.3938 7.4168
10.4573 -19.2718 13.3733
19.2935 -27.2642 25.7333
37.7192 -33.362 51.902
72.2678 -12.9099 99.1132
98.9697 99.9625 114.7343
22.4632 205.6451 -65.8798
-56.567 58.2866 -198.7257
-41.5965 -43.4198 -129.7789
-19.0867 -48.5831 -62.0827
-8.2272 -34.6383 -29.4284
-3.6517 -23.0522 -14.8878
-1.6841 -15.4717 -8.1103
0 -10.6725 -4.7227
0 -7.5887 -2.9104
0 -5.5522 -1.8808

0 -4.0063 1.2374
1.2488 -5.3261 1.8391
1.8128 -7.2629 2.8457
2.7529 -10.1905 4.6204
4.4179 -14.7396 7.9489
7.5842 -21.9131 14.6508
14.0988 -32.8169 29.1946
28.4371 -45.3499 62.4756
59.1222 -34.2859 132.619
98.0493 97.7221 188.8019
57.9133 261.4431 -49.0871
-10.0077 68.7684 -247.2174
-11.5541 -53.2236 -151.6623
-4.1479 -54.081 -68.3165
0 -36.8547 -31.2181
0 -23.9268 -15.4575
0 -15.8276 -8.312
0 -10.821 -4.8007
0 -7.6504 -2.9426
0 -5.576 -1.8947

0 -4.1201 1.2618
0 -5.4999 1.8807
1.1079 -7.5406 2.9208
1.6101 -10.6584 4.7663
2.4558 -15.5808 8.2581
3.9781 -23.5449 15.3808
6.9448 -36.2573 31.1592
13.2448 -53.0817 68.5827
27.381 -50.3903 153.455
55.1024 83.8339 245.8666
76.589 285.8341 0
55.1024 83.8339 -245.8666
27.381 -50.3903 -153.455
13.2448 -53.0817 -68.5827
6.9448 -36.2573 -31.1592
3.9781 -23.5449 -15.3808
2.4558 -15.5808 -8.2581
1.6101 -10.6584 -4.7663
1.1079 -7.5406 -2.9208
0 -5.4999 -1.8807

0 -4.1742 1.271
0 -5.576 1.8947
0 -7.6504 2.9426
0 -10.821 4.8007
0 -15.8276 8.312
0 -23.9268 15.4575
0 -36.8547 31.2181
-4.1479 -54.081 68.3165
-11.5541 -53.2236 151.6623
-10.0077 68.7684 247.2174
57.9133 261.4431 49.0871
98.0493 97.7221 -188.8019
59.1222 -34.2859 -132.619
28.4371 -45.3499 -62.4756
14.0988 -32.8169 -29.1946
7.5842 -21.9131 -14.6508
4.4179 -14.7396 -7.9489
2.7529 -10.1905 -4.6204
1.8128 -7.2629 -2.8457
1.2488 -5.3261 -1.8391

0 -4.1672 1.265
0 -5.5522 1.8808
0 -7.5887 2.9104
0 -10.6725 4.7227
-1.6841 -15.4717 8.1103
-3.6517 -23.0522 14.8878
-8.2272 -34.6383 29.4284
-19.0867 -48.5831 62.0827
-41.5965 -43.4198 129.7789
-56.567 58.2866 198.7257
22.4632 205.6451 65.8798
98.9697 99.9625 -114.7343
72.2678 -12.9099 -99.1132
37.7192 -33.362 -51.902
19.2935 -27.2642 -25.7333
10.4573 -19.2718 -13.3733
6.0708 -13.3938 -7.4168
3.751 -9.4547 -4.3745
2.4439 -6.8346 -2.7218
1.6645 -5.0631 -1.7721

